log=autoresearch/automatic_lr4/20260707_065827_213717/cifar_search_bias_split.log
intervals=0 1 2
color_percentiles=5 95
color_floor=0.88

interval=0 attr=whiten_bias_lr
plot=interval0_whiten_bias_lr_heatmap.png
selected_train_hparams=muon_lr=0.22 muon_momentum=0.7 whiten_bias_lr=4.6 bn_bias_lr=60 head_lr=280
fixed_main_hparams=muon_lr=0.22 muon_momentum=0.7 bn_bias_lr=60 head_lr=280
shape=21x21
color_scale=vmin=0.885690 vmax=0.907900 extend=both
global_peak=main_whiten_bias_lr=4.6 cooldown_whiten_bias_lr=7.7 tta_val_acc=0.9113
peaks=
  main_whiten_bias_lr=1300 cooldown_whiten_bias_lr=1.7 tta_val_acc=0.9017
  main_whiten_bias_lr=21 cooldown_whiten_bias_lr=2.8 tta_val_acc=0.9077
  main_whiten_bias_lr=460 cooldown_whiten_bias_lr=4.6 tta_val_acc=0.9039
  main_whiten_bias_lr=5900 cooldown_whiten_bias_lr=4.6 tta_val_acc=0.8967
  main_whiten_bias_lr=4.6 cooldown_whiten_bias_lr=7.7 tta_val_acc=0.9113
  main_whiten_bias_lr=13 cooldown_whiten_bias_lr=7.7 tta_val_acc=0.9074
  main_whiten_bias_lr=60 cooldown_whiten_bias_lr=7.7 tta_val_acc=0.9079
  main_whiten_bias_lr=170 cooldown_whiten_bias_lr=7.7 tta_val_acc=0.9061
  main_whiten_bias_lr=1300 cooldown_whiten_bias_lr=7.7 tta_val_acc=0.9022
  main_whiten_bias_lr=460 cooldown_whiten_bias_lr=13 tta_val_acc=0.9047
  main_whiten_bias_lr=170 cooldown_whiten_bias_lr=21 tta_val_acc=0.9069
  main_whiten_bias_lr=60 cooldown_whiten_bias_lr=36 tta_val_acc=0.9087
  main_whiten_bias_lr=1300 cooldown_whiten_bias_lr=36 tta_val_acc=0.9010
  main_whiten_bias_lr=13 cooldown_whiten_bias_lr=60 tta_val_acc=0.9083
  main_whiten_bias_lr=170 cooldown_whiten_bias_lr=60 tta_val_acc=0.9064
  main_whiten_bias_lr=4.6 cooldown_whiten_bias_lr=99 tta_val_acc=0.9091
  main_whiten_bias_lr=5900 cooldown_whiten_bias_lr=99 tta_val_acc=0.8968
  main_whiten_bias_lr=170 cooldown_whiten_bias_lr=280 tta_val_acc=0.9055
  main_whiten_bias_lr=460 cooldown_whiten_bias_lr=280 tta_val_acc=0.9041
  main_whiten_bias_lr=5900 cooldown_whiten_bias_lr=460 tta_val_acc=0.8971
  main_whiten_bias_lr=1300 cooldown_whiten_bias_lr=1300 tta_val_acc=0.9020
  main_whiten_bias_lr=5900 cooldown_whiten_bias_lr=1300 tta_val_acc=0.8974
  main_whiten_bias_lr=13 cooldown_whiten_bias_lr=2100 tta_val_acc=0.8834
  main_whiten_bias_lr=36 cooldown_whiten_bias_lr=3500 tta_val_acc=0.8909
  main_whiten_bias_lr=99 cooldown_whiten_bias_lr=3500 tta_val_acc=0.8931
  main_whiten_bias_lr=1300 cooldown_whiten_bias_lr=3500 tta_val_acc=0.9025
  main_whiten_bias_lr=5900 cooldown_whiten_bias_lr=3500 tta_val_acc=0.8970
  main_whiten_bias_lr=13 cooldown_whiten_bias_lr=5900 tta_val_acc=0.8688
  main_whiten_bias_lr=60 cooldown_whiten_bias_lr=5900 tta_val_acc=0.8885
  main_whiten_bias_lr=460 cooldown_whiten_bias_lr=5900 tta_val_acc=0.9012
  main_whiten_bias_lr=4.6 cooldown_whiten_bias_lr=9800 tta_val_acc=0.8765
  main_whiten_bias_lr=170 cooldown_whiten_bias_lr=9800 tta_val_acc=0.8729
  main_whiten_bias_lr=5900 cooldown_whiten_bias_lr=9800 tta_val_acc=0.8979
  main_whiten_bias_lr=1.7 cooldown_whiten_bias_lr=1.6e+04 tta_val_acc=0.8747
  main_whiten_bias_lr=7.7 cooldown_whiten_bias_lr=1.6e+04 tta_val_acc=0.8730
  main_whiten_bias_lr=99 cooldown_whiten_bias_lr=1.6e+04 tta_val_acc=0.8825
  main_whiten_bias_lr=1300 cooldown_whiten_bias_lr=1.6e+04 tta_val_acc=0.9016
matrix:
cooldown_whiten_bias_lr\main_whiten_bias_lr	1	1.7	2.8	4.6	7.7	13	21	36	60	99	170	280	460	770	1300	2100	3500	5900	9800	1.6e+04	2.7e+04
1	0.9069	0.9036	0.9070	0.9106	0.9043	0.9069	0.9071	0.9070	0.9080	0.9051	0.9052	0.9021	0.9041	0.8993	0.9000	0.8947	0.8956	0.8958	0.8876	0.8883	0.8507
1.7	0.9068	0.9042	0.9079	0.9103	0.9045	0.9074	0.9075	0.9066	0.9078	0.9055	0.9050	0.9030	0.9032	0.8988	0.9017	0.8950	0.8952	0.8962	0.8894	0.8875	0.8487
2.8	0.9063	0.9047	0.9079	0.9101	0.9056	0.9071	0.9077	0.9065	0.9076	0.9054	0.9051	0.9022	0.9035	0.8989	0.9015	0.8947	0.8952	0.8965	0.8869	0.8875	0.8501
4.6	0.9068	0.9044	0.9076	0.9105	0.9051	0.9069	0.9073	0.9063	0.9077	0.9051	0.9053	0.9014	0.9039	0.8983	0.9013	0.8946	0.8944	0.8967	0.8889	0.8872	0.8492
7.7	0.9066	0.9048	0.9084	0.9113	0.9056	0.9074	0.9072	0.9062	0.9079	0.9058	0.9061	0.9023	0.9036	0.8982	0.9022	0.8949	0.8957	0.8961	0.8904	0.8871	0.8501
13	0.9078	0.9050	0.9090	0.9106	0.9053	0.9068	0.9064	0.9057	0.9075	0.9058	0.9057	0.9018	0.9047	0.8983	0.9002	0.8945	0.8956	0.8960	0.8902	0.8880	0.8487
21	0.9079	0.9050	0.9072	0.9099	0.9040	0.9062	0.9065	0.9066	0.9083	0.9061	0.9069	0.9017	0.9036	0.8989	0.9006	0.8960	0.8954	0.8960	0.8886	0.8875	0.8487
36	0.9069	0.9055	0.9065	0.9090	0.9055	0.9069	0.9061	0.9053	0.9087	0.9057	0.9059	0.9016	0.9044	0.8993	0.9010	0.8948	0.8944	0.8961	0.8902	0.8885	0.8465
60	0.9063	0.9041	0.9069	0.9086	0.9048	0.9083	0.9075	0.9054	0.9083	0.9051	0.9064	0.9016	0.9053	0.8978	0.9007	0.8943	0.8949	0.8962	0.8908	0.8888	0.8440
99	0.9066	0.9054	0.9065	0.9091	0.9050	0.9079	0.9070	0.9077	0.9083	0.9051	0.9057	0.9003	0.9053	0.8986	0.9001	0.8951	0.8955	0.8968	0.8904	0.8877	0.8456
170	0.9019	0.9055	0.9056	0.9066	0.9036	0.9046	0.9067	0.9077	0.9079	0.9047	0.9050	0.8996	0.9036	0.8984	0.9006	0.8953	0.8956	0.8962	0.8895	0.8887	0.8468
280	0.8987	0.9015	0.9015	0.9063	0.9007	0.9021	0.9039	0.9025	0.9040	0.9029	0.9055	0.9004	0.9041	0.8979	0.9010	0.8951	0.8962	0.8968	0.8875	0.8879	0.8424
460	0.8957	0.8992	0.8962	0.9025	0.8925	0.8952	0.8976	0.8994	0.8976	0.9012	0.9013	0.9015	0.9040	0.8984	0.9011	0.8949	0.8954	0.8971	0.8904	0.8879	0.8449
770	0.8910	0.8968	0.8838	0.8926	0.8881	0.8913	0.8896	0.8956	0.8858	0.8961	0.9005	0.9010	0.9026	0.8993	0.9016	0.8951	0.8960	0.8970	0.8891	0.8874	0.8421
1300	0.8870	0.8946	0.8844	0.8923	0.8804	0.8821	0.8806	0.8909	0.8822	0.8898	0.8919	0.8970	0.9007	0.9003	0.9020	0.8941	0.8950	0.8974	0.8892	0.8881	0.8398
2100	0.8819	0.8884	0.8867	0.8808	0.8726	0.8834	0.8820	0.8887	0.8776	0.8899	0.8898	0.8899	0.9001	0.8971	0.9013	0.8937	0.8958	0.8961	0.8902	0.8867	0.8392
3500	0.8817	0.8849	0.8761	0.8794	0.8674	0.8654	0.8668	0.8909	0.8789	0.8931	0.8741	0.8915	0.9000	0.8982	0.9025	0.8940	0.8963	0.8970	0.8908	0.8873	0.8419
5900	0.8773	0.8844	0.8699	0.8722	0.8638	0.8688	0.8481	0.8878	0.8885	0.8758	0.8577	0.8717	0.9012	0.8986	0.9009	0.8959	0.8959	0.8969	0.8900	0.8882	0.8436
9800	0.8776	0.8723	0.8716	0.8765	0.8706	0.8626	0.8549	0.8856	0.8750	0.8724	0.8729	0.8722	0.8973	0.8982	0.9008	0.8949	0.8945	0.8979	0.8872	0.8878	0.8423
1.6e+04	0.8694	0.8747	0.8703	0.8720	0.8730	0.8601	0.8603	0.8814	0.8740	0.8825	0.7044	0.8736	0.8943	0.8964	0.9016	0.8944	0.8931	0.8968	0.8905	0.8883	0.8376
2.7e+04	0.8596	0.8701	0.8711	0.8813	0.8726	0.8572	0.8756	0.8833	0.8781	0.8753	0.7422	0.8441	0.8930	0.8855	0.8992	0.8944	0.8767	0.8935	0.8918	0.8869	0.8252
main_tta_val_acc_before_cooldown:
main_whiten_bias_lr	tta_val_acc_before_cooldown
1	0.8056
1.7	0.7961
2.8	0.8006
4.6	0.8016
7.7	0.8003
13	0.8033
21	0.8052
36	0.8004
60	0.7972
99	0.7870
170	0.7800
280	0.7826
460	0.7736
770	0.7836
1300	0.7769
2100	0.7820
3500	0.7730
5900	0.7848
9800	0.7827
1.6e+04	0.7644
2.7e+04	0.6488

interval=0 attr=bn_bias_lr
plot=interval0_bn_bias_lr_heatmap.png
selected_train_hparams=muon_lr=0.22 muon_momentum=0.7 whiten_bias_lr=4.6 bn_bias_lr=60 head_lr=280
fixed_main_hparams=muon_lr=0.22 muon_momentum=0.7 whiten_bias_lr=4.6 head_lr=280
shape=21x21
color_scale=vmin=0.889650 vmax=0.908900 extend=both
global_peak=main_bn_bias_lr=60 cooldown_bn_bias_lr=21 tta_val_acc=0.9113
peaks=
  main_bn_bias_lr=7.7 cooldown_bn_bias_lr=1.7 tta_val_acc=0.9069
  main_bn_bias_lr=170 cooldown_bn_bias_lr=1.7 tta_val_acc=0.9063
  main_bn_bias_lr=1.6e+04 cooldown_bn_bias_lr=1.7 tta_val_acc=0.2576
  main_bn_bias_lr=60 cooldown_bn_bias_lr=2.8 tta_val_acc=0.9093
  main_bn_bias_lr=170 cooldown_bn_bias_lr=4.6 tta_val_acc=0.9063
  main_bn_bias_lr=13 cooldown_bn_bias_lr=7.7 tta_val_acc=0.9071
  main_bn_bias_lr=1.6e+04 cooldown_bn_bias_lr=7.7 tta_val_acc=0.2453
  main_bn_bias_lr=60 cooldown_bn_bias_lr=21 tta_val_acc=0.9113
  main_bn_bias_lr=1.6e+04 cooldown_bn_bias_lr=21 tta_val_acc=0.2458
  main_bn_bias_lr=7.7 cooldown_bn_bias_lr=36 tta_val_acc=0.9072
  main_bn_bias_lr=170 cooldown_bn_bias_lr=36 tta_val_acc=0.9087
  main_bn_bias_lr=2.8 cooldown_bn_bias_lr=60 tta_val_acc=0.9036
  main_bn_bias_lr=2.8 cooldown_bn_bias_lr=280 tta_val_acc=0.8851
  main_bn_bias_lr=21 cooldown_bn_bias_lr=280 tta_val_acc=0.8795
  main_bn_bias_lr=9800 cooldown_bn_bias_lr=770 tta_val_acc=0.1764
  main_bn_bias_lr=3500 cooldown_bn_bias_lr=1300 tta_val_acc=0.2326
  main_bn_bias_lr=3500 cooldown_bn_bias_lr=3500 tta_val_acc=0.1364
matrix:
cooldown_bn_bias_lr\main_bn_bias_lr	1	1.7	2.8	4.6	7.7	13	21	36	60	99	170	280	460	770	1300	2100	3500	5900	9800	1.6e+04	2.7e+04
1	0.9071	0.9011	0.9033	0.9047	0.9060	0.9047	0.9056	0.9084	0.9089	0.9045	0.9055	0.9007	0.8927	0.8672	0.7577	0.7349	0.6266	0.3209	0.1933	0.2424	0.1000
1.7	0.9075	0.9020	0.9030	0.9054	0.9069	0.9058	0.9062	0.9084	0.9085	0.9055	0.9063	0.9007	0.8924	0.8681	0.7567	0.7374	0.6301	0.3192	0.1930	0.2576	0.1000
2.8	0.9074	0.9018	0.9031	0.9052	0.9062	0.9058	0.9053	0.9083	0.9093	0.9042	0.9056	0.9006	0.8933	0.8678	0.7579	0.7375	0.6284	0.3386	0.1945	0.2516	0.1000
4.6	0.9081	0.9021	0.9040	0.9056	0.9063	0.9066	0.9061	0.9078	0.9090	0.9049	0.9063	0.9015	0.8942	0.8680	0.7583	0.7396	0.6305	0.2991	0.1827	0.2410	0.1000
7.7	0.9073	0.9029	0.9043	0.9052	0.9064	0.9071	0.9065	0.9082	0.9098	0.9055	0.9061	0.9011	0.8928	0.8685	0.7622	0.7448	0.6350	0.2796	0.1879	0.2453	0.1000
13	0.9089	0.9024	0.9045	0.9056	0.9058	0.9067	0.9054	0.9083	0.9108	0.9053	0.9061	0.9023	0.8930	0.8695	0.7686	0.7414	0.6429	0.3864	0.1984	0.2431	0.1000
21	0.9081	0.9031	0.9045	0.9057	0.9060	0.9066	0.9066	0.9072	0.9113	0.9050	0.9068	0.9034	0.8939	0.8697	0.7717	0.7399	0.6494	0.4013	0.2180	0.2458	0.1000
36	0.9071	0.9032	0.9032	0.9062	0.9072	0.9062	0.9061	0.9071	0.9094	0.9047	0.9087	0.9046	0.8937	0.8728	0.7694	0.7255	0.6525	0.4250	0.2098	0.1428	0.1000
60	0.9053	0.9017	0.9036	0.9035	0.9053	0.9038	0.9029	0.9059	0.9063	0.9030	0.9073	0.9045	0.8934	0.8737	0.7641	0.7079	0.6255	0.4120	0.2079	0.1405	0.1000
99	0.8991	0.8960	0.8995	0.8980	0.9001	0.8976	0.8984	0.9002	0.9006	0.8996	0.9029	0.9030	0.8947	0.8730	0.7557	0.6956	0.5568	0.3540	0.2365	0.1000	0.1000
170	0.8726	0.8892	0.8767	0.8756	0.8784	0.8702	0.8783	0.8847	0.8714	0.8829	0.8882	0.8926	0.8897	0.8668	0.7229	0.5879	0.3648	0.1968	0.2188	0.1809	0.1000
280	0.8620	0.8661	0.8851	0.8675	0.8631	0.8762	0.8795	0.8649	0.8715	0.8808	0.8351	0.8856	0.8774	0.8490	0.6720	0.4697	0.3716	0.2189	0.1572	0.1229	0.1000
460	0.7943	0.5867	0.6063	0.7954	0.1709	0.4499	0.6905	0.3813	0.3762	0.6452	0.1978	0.8548	0.8450	0.8358	0.3486	0.2985	0.2415	0.2015	0.1025	0.1113	0.1000
770	0.3485	0.1000	0.1713	0.1046	0.1000	0.1215	0.1345	0.1000	0.1278	0.1121	0.2101	0.2491	0.1113	0.3209	0.1748	0.1875	0.1672	0.1472	0.1764	0.1495	0.1000
1300	0.1000	0.1000	0.1000	0.1000	0.1000	0.1000	0.1000	0.1000	0.1000	0.1000	0.1000	0.1031	0.1000	0.1008	0.1248	0.1899	0.2326	0.1465	0.1756	0.1220	0.1000
2100	0.1000	0.1000	0.1000	0.1000	0.1000	0.1000	0.1000	0.1000	0.1000	0.1000	0.1000	0.1000	0.1000	0.1000	0.1000	0.1000	0.1045	0.1385	0.1384	0.1126	0.1000
3500	0.1000	0.1000	0.1000	0.1000	0.1000	0.1000	0.1000	0.1000	0.1000	0.1000	0.1000	0.1000	0.1000	0.1000	0.1000	0.1000	0.1364	0.1262	0.1038	0.1002	0.1000
5900	0.1000	0.1000	0.1000	0.1000	0.1000	0.1000	0.1000	0.1000	0.1000	0.1000	0.1000	0.1000	0.1000	0.1000	0.1000	0.1000	0.1000	0.1000	0.1000	0.1000	0.1000
9800	0.1000	0.1000	0.1000	0.1000	0.1000	0.1000	0.1000	0.1000	0.1000	0.1000	0.1000	0.1000	0.1000	0.1000	0.1000	0.1000	0.1000	0.1000	0.1000	0.1000	0.1000
1.6e+04	0.1000	0.1000	0.1000	0.1000	0.1000	0.1000	0.1000	0.1000	0.1000	0.1000	0.1000	0.1000	0.1000	0.1000	0.1000	0.1000	0.1000	0.1000	0.1000	0.1000	0.1000
2.7e+04	0.1000	0.1000	0.1000	0.1000	0.1000	0.1000	0.1000	0.1000	0.1000	0.1000	0.1000	0.1000	0.1000	0.1000	0.1000	0.1000	0.1000	0.1000	0.1000	0.1000	0.1000
main_tta_val_acc_before_cooldown:
main_bn_bias_lr	tta_val_acc_before_cooldown
1	0.8019
1.7	0.7767
2.8	0.7805
4.6	0.8127
7.7	0.7865
13	0.7861
21	0.7979
36	0.8040
60	0.8016
99	0.7734
170	0.7542
280	0.7714
460	0.7401
770	0.5351
1300	0.3618
2100	0.1574
3500	0.2394
5900	0.1885
9800	0.1075
1.6e+04	0.1000
2.7e+04	0.1000

interval=0 attr=head_lr
plot=interval0_head_lr_heatmap.png
selected_train_hparams=muon_lr=0.22 muon_momentum=0.7 whiten_bias_lr=4.6 bn_bias_lr=60 head_lr=280
fixed_main_hparams=muon_lr=0.22 muon_momentum=0.7 whiten_bias_lr=4.6 bn_bias_lr=60
shape=21x21
color_scale=vmin=0.891700 vmax=0.907700 extend=both
global_peak=main_head_lr=280 cooldown_head_lr=770 tta_val_acc=0.9113
peaks=
  main_head_lr=1300 cooldown_head_lr=1.7 tta_val_acc=0.9052
  main_head_lr=1300 cooldown_head_lr=7.7 tta_val_acc=0.9053
  main_head_lr=280 cooldown_head_lr=36 tta_val_acc=0.9084
  main_head_lr=1300 cooldown_head_lr=36 tta_val_acc=0.9055
  main_head_lr=36 cooldown_head_lr=60 tta_val_acc=0.9047
  main_head_lr=99 cooldown_head_lr=60 tta_val_acc=0.9055
  main_head_lr=60 cooldown_head_lr=99 tta_val_acc=0.9055
  main_head_lr=1300 cooldown_head_lr=99 tta_val_acc=0.9059
  main_head_lr=1.7 cooldown_head_lr=170 tta_val_acc=0.9030
  main_head_lr=7.7 cooldown_head_lr=280 tta_val_acc=0.9049
  main_head_lr=36 cooldown_head_lr=460 tta_val_acc=0.9070
  main_head_lr=280 cooldown_head_lr=770 tta_val_acc=0.9113
  main_head_lr=1300 cooldown_head_lr=1300 tta_val_acc=0.9074
  main_head_lr=36 cooldown_head_lr=2100 tta_val_acc=0.9017
  main_head_lr=170 cooldown_head_lr=2100 tta_val_acc=0.9074
  main_head_lr=3500 cooldown_head_lr=1.6e+04 tta_val_acc=0.8959
matrix:
cooldown_head_lr\main_head_lr	1	1.7	2.8	4.6	7.7	13	21	36	60	99	170	280	460	770	1300	2100	3500	5900	9800	1.6e+04	2.7e+04
1	0.8895	0.8928	0.8918	0.8910	0.8952	0.8948	0.8987	0.9023	0.9028	0.9032	0.9041	0.9078	0.9044	0.9038	0.9051	0.9026	0.8943	0.8735	0.2747	0.1889	0.1000
1.7	0.8907	0.8937	0.8927	0.8909	0.8954	0.8950	0.8987	0.9024	0.9036	0.9037	0.9037	0.9077	0.9048	0.9031	0.9052	0.9021	0.8945	0.8742	0.2748	0.1879	0.1000
2.8	0.8908	0.8941	0.8927	0.8917	0.8966	0.8957	0.8985	0.9021	0.9031	0.9037	0.9041	0.9076	0.9060	0.9042	0.9050	0.9017	0.8940	0.8740	0.2744	0.1897	0.1000
4.6	0.8921	0.8957	0.8943	0.8933	0.8972	0.8964	0.8988	0.9025	0.9030	0.9039	0.9045	0.9077	0.9047	0.9034	0.9045	0.9021	0.8945	0.8741	0.2748	0.1889	0.1000
7.7	0.8927	0.8961	0.8956	0.8942	0.8979	0.8964	0.8994	0.9028	0.9027	0.9034	0.9040	0.9077	0.9048	0.9035	0.9053	0.9014	0.8938	0.8740	0.2746	0.1593	0.1000
13	0.8938	0.8979	0.8959	0.8960	0.8996	0.8977	0.8989	0.9028	0.9032	0.9045	0.9051	0.9082	0.9051	0.9040	0.9047	0.9019	0.8940	0.8739	0.2747	0.1725	0.1000
21	0.8970	0.8983	0.8982	0.8973	0.9004	0.8977	0.8995	0.9034	0.9036	0.9042	0.9053	0.9083	0.9044	0.9039	0.9043	0.9022	0.8937	0.8741	0.2743	0.1745	0.1000
36	0.8993	0.9003	0.8993	0.8982	0.9007	0.8991	0.8997	0.9032	0.9026	0.9043	0.9046	0.9084	0.9050	0.9043	0.9055	0.9015	0.8942	0.8735	0.2749	0.1883	0.1000
60	0.8997	0.9014	0.9001	0.8983	0.9029	0.9004	0.9000	0.9047	0.9034	0.9055	0.9045	0.9079	0.9040	0.9039	0.9050	0.9023	0.8943	0.8735	0.2752	0.1836	0.1000
99	0.9008	0.9029	0.9010	0.8981	0.9035	0.9006	0.9009	0.9046	0.9055	0.9052	0.9049	0.9085	0.9050	0.9047	0.9059	0.9019	0.8935	0.8743	0.2739	0.1902	0.1000
170	0.9018	0.9030	0.9016	0.8991	0.9041	0.9009	0.9020	0.9052	0.9053	0.9051	0.9060	0.9086	0.9043	0.9045	0.9054	0.9029	0.8948	0.8733	0.2725	0.1549	0.1000
280	0.9025	0.9027	0.9022	0.8993	0.9049	0.9015	0.9012	0.9052	0.9048	0.9061	0.9067	0.9095	0.9047	0.9048	0.9058	0.9020	0.8943	0.8743	0.2711	0.1940	0.1000
460	0.9022	0.9024	0.9008	0.9010	0.9018	0.9016	0.9009	0.9070	0.9045	0.9049	0.9081	0.9097	0.9055	0.9046	0.9062	0.9017	0.8940	0.8746	0.2699	0.1939	0.1000
770	0.8976	0.9010	0.8975	0.9003	0.9001	0.9004	0.9012	0.9047	0.9031	0.9043	0.9081	0.9113	0.9062	0.9051	0.9071	0.9027	0.8941	0.8740	0.2660	0.1926	0.1000
1300	0.8978	0.8975	0.8930	0.8965	0.8944	0.8970	0.8948	0.9002	0.9001	0.9026	0.9051	0.9088	0.9077	0.9055	0.9074	0.9033	0.8945	0.8750	0.2684	0.1952	0.1000
2100	0.8943	0.8942	0.8918	0.8937	0.8944	0.8955	0.8970	0.9017	0.9003	0.9016	0.9074	0.9062	0.9045	0.9052	0.9073	0.9022	0.8939	0.8753	0.2712	0.1949	0.1000
3500	0.8802	0.8852	0.8790	0.8818	0.8842	0.8837	0.8732	0.8837	0.8885	0.8910	0.8917	0.9018	0.8990	0.9045	0.9055	0.9031	0.8943	0.8755	0.3167	0.1949	0.1000
5900	0.8525	0.8474	0.8541	0.8413	0.8652	0.8491	0.8341	0.8246	0.8659	0.8208	0.8459	0.8564	0.8625	0.9003	0.9039	0.9037	0.8955	0.8759	0.3699	0.1772	0.1000
9800	0.7708	0.7100	0.7697	0.4498	0.8079	0.6798	0.3288	0.7519	0.6628	0.6032	0.6206	0.7870	0.7882	0.8808	0.8931	0.9030	0.8958	0.8747	0.3118	0.1941	0.1000
1.6e+04	0.4369	0.5130	0.5106	0.1691	0.4563	0.5248	0.1046	0.4089	0.2011	0.3702	0.4960	0.6156	0.7633	0.8685	0.8576	0.8921	0.8959	0.8740	0.3769	0.1933	0.1000
2.7e+04	0.1098	0.1873	0.1000	0.1000	0.1938	0.2613	0.0999	0.1900	0.1000	0.1000	0.1000	0.1917	0.1984	0.6125	0.6798	0.8733	0.8925	0.8735	0.3037	0.1690	0.1000
main_tta_val_acc_before_cooldown:
main_head_lr	tta_val_acc_before_cooldown
1	0.7830
1.7	0.7847
2.8	0.7860
4.6	0.7892
7.7	0.7923
13	0.7880
21	0.7796
36	0.7886
60	0.7947
99	0.7962
170	0.8104
280	0.8016
460	0.8009
770	0.8085
1300	0.7973
2100	0.7569
3500	0.7898
5900	0.7043
9800	0.1779
1.6e+04	0.1582
2.7e+04	0.1003

interval=1 attr=whiten_bias_lr
plot=interval1_whiten_bias_lr_heatmap.png
selected_train_hparams=muon_lr=0.078 muon_momentum=0.7 whiten_bias_lr=2.8 bn_bias_lr=60 head_lr=280
fixed_main_hparams=muon_lr=0.078 muon_momentum=0.7 bn_bias_lr=60 head_lr=280
shape=21x21
color_scale=vmin=0.907600 vmax=0.928900 extend=both
global_peak=main_whiten_bias_lr=2.8 cooldown_whiten_bias_lr=1 tta_val_acc=0.9302
peaks=none
matrix:
cooldown_whiten_bias_lr\main_whiten_bias_lr	1	1.7	2.8	4.6	7.7	13	21	36	60	99	170	280	460	770	1300	2100	3500	5900	9800	1.6e+04	2.7e+04
1	0.9272	0.9281	0.9302	0.9280	0.9289	0.9276	0.9282	0.9273	0.9280	0.9266	0.9272	0.9257	0.9254	0.9228	0.9220	0.9148	0.9154	0.9076	0.9117	0.9092	0.9036
1.7	0.9272	0.9281	0.9302	0.9280	0.9289	0.9276	0.9282	0.9273	0.9280	0.9266	0.9272	0.9257	0.9254	0.9228	0.9220	0.9148	0.9154	0.9076	0.9117	0.9092	0.9036
2.8	0.9272	0.9281	0.9302	0.9280	0.9289	0.9276	0.9282	0.9273	0.9280	0.9266	0.9272	0.9257	0.9254	0.9228	0.9220	0.9148	0.9154	0.9076	0.9117	0.9092	0.9036
4.6	0.9272	0.9281	0.9302	0.9280	0.9289	0.9276	0.9282	0.9273	0.9280	0.9266	0.9272	0.9257	0.9254	0.9228	0.9220	0.9148	0.9154	0.9076	0.9117	0.9092	0.9036
7.7	0.9272	0.9281	0.9302	0.9280	0.9289	0.9276	0.9282	0.9273	0.9280	0.9266	0.9272	0.9257	0.9254	0.9228	0.9220	0.9148	0.9154	0.9076	0.9117	0.9092	0.9036
13	0.9272	0.9281	0.9302	0.9280	0.9289	0.9276	0.9282	0.9273	0.9280	0.9266	0.9272	0.9257	0.9254	0.9228	0.9220	0.9148	0.9154	0.9076	0.9117	0.9092	0.9036
21	0.9272	0.9281	0.9302	0.9280	0.9289	0.9276	0.9282	0.9273	0.9280	0.9266	0.9272	0.9257	0.9254	0.9228	0.9220	0.9148	0.9154	0.9076	0.9117	0.9092	0.9036
36	0.9272	0.9281	0.9302	0.9280	0.9289	0.9276	0.9282	0.9273	0.9280	0.9266	0.9272	0.9257	0.9254	0.9228	0.9220	0.9148	0.9154	0.9076	0.9117	0.9092	0.9036
60	0.9272	0.9281	0.9302	0.9280	0.9289	0.9276	0.9282	0.9273	0.9280	0.9266	0.9272	0.9257	0.9254	0.9228	0.9220	0.9148	0.9154	0.9076	0.9117	0.9092	0.9036
99	0.9272	0.9281	0.9302	0.9280	0.9289	0.9276	0.9282	0.9273	0.9280	0.9266	0.9272	0.9257	0.9254	0.9228	0.9220	0.9148	0.9154	0.9076	0.9117	0.9092	0.9036
170	0.9272	0.9281	0.9302	0.9280	0.9289	0.9276	0.9282	0.9273	0.9280	0.9266	0.9272	0.9257	0.9254	0.9228	0.9220	0.9148	0.9154	0.9076	0.9117	0.9092	0.9036
280	0.9272	0.9281	0.9302	0.9280	0.9289	0.9276	0.9282	0.9273	0.9280	0.9266	0.9272	0.9257	0.9254	0.9228	0.9220	0.9148	0.9154	0.9076	0.9117	0.9092	0.9036
460	0.9272	0.9281	0.9302	0.9280	0.9289	0.9276	0.9282	0.9273	0.9280	0.9266	0.9272	0.9257	0.9254	0.9228	0.9220	0.9148	0.9154	0.9076	0.9117	0.9092	0.9036
770	0.9272	0.9281	0.9302	0.9280	0.9289	0.9276	0.9282	0.9273	0.9280	0.9266	0.9272	0.9257	0.9254	0.9228	0.9220	0.9148	0.9154	0.9076	0.9117	0.9092	0.9036
1300	0.9272	0.9281	0.9302	0.9280	0.9289	0.9276	0.9282	0.9273	0.9280	0.9266	0.9272	0.9257	0.9254	0.9228	0.9220	0.9148	0.9154	0.9076	0.9117	0.9092	0.9036
2100	0.9272	0.9281	0.9302	0.9280	0.9289	0.9276	0.9282	0.9273	0.9280	0.9266	0.9272	0.9257	0.9254	0.9228	0.9220	0.9148	0.9154	0.9076	0.9117	0.9092	0.9036
3500	0.9272	0.9281	0.9302	0.9280	0.9289	0.9276	0.9282	0.9273	0.9280	0.9266	0.9272	0.9257	0.9254	0.9228	0.9220	0.9148	0.9154	0.9076	0.9117	0.9092	0.9036
5900	0.9272	0.9281	0.9302	0.9280	0.9289	0.9276	0.9282	0.9273	0.9280	0.9266	0.9272	0.9257	0.9254	0.9228	0.9220	0.9148	0.9154	0.9076	0.9117	0.9092	0.9036
9800	0.9272	0.9281	0.9302	0.9280	0.9289	0.9276	0.9282	0.9273	0.9280	0.9266	0.9272	0.9257	0.9254	0.9228	0.9220	0.9148	0.9154	0.9076	0.9117	0.9092	0.9036
1.6e+04	0.9272	0.9281	0.9302	0.9280	0.9289	0.9276	0.9282	0.9273	0.9280	0.9266	0.9272	0.9257	0.9254	0.9228	0.9220	0.9148	0.9154	0.9076	0.9117	0.9092	0.9036
2.7e+04	0.9272	0.9281	0.9302	0.9280	0.9289	0.9276	0.9282	0.9273	0.9280	0.9266	0.9272	0.9257	0.9254	0.9228	0.9220	0.9148	0.9154	0.9076	0.9117	0.9092	0.9036
main_tta_val_acc_before_cooldown:
main_whiten_bias_lr	tta_val_acc_before_cooldown
1	0.8925
1.7	0.8954
2.8	0.8957
4.6	0.8952
7.7	0.8939
13	0.8946
21	0.8968
36	0.8918
60	0.8939
99	0.8950
170	0.8929
280	0.8890
460	0.8841
770	0.8868
1300	0.8844
2100	0.8677
3500	0.8778
5900	0.8655
9800	0.8663
1.6e+04	0.8623
2.7e+04	0.8621

interval=1 attr=bn_bias_lr
plot=interval1_bn_bias_lr_heatmap.png
selected_train_hparams=muon_lr=0.078 muon_momentum=0.7 whiten_bias_lr=2.8 bn_bias_lr=60 head_lr=280
fixed_main_hparams=muon_lr=0.078 muon_momentum=0.7 whiten_bias_lr=2.8 head_lr=280
shape=21x21
color_scale=vmin=0.909500 vmax=0.928920 extend=both
global_peak=main_bn_bias_lr=60 cooldown_bn_bias_lr=1.7 tta_val_acc=0.9302
peaks=
  main_bn_bias_lr=7.7 cooldown_bn_bias_lr=1.7 tta_val_acc=0.9287
  main_bn_bias_lr=60 cooldown_bn_bias_lr=1.7 tta_val_acc=0.9302
  main_bn_bias_lr=13 cooldown_bn_bias_lr=2.8 tta_val_acc=0.9283
  main_bn_bias_lr=7.7 cooldown_bn_bias_lr=4.6 tta_val_acc=0.9292
  main_bn_bias_lr=60 cooldown_bn_bias_lr=7.7 tta_val_acc=0.9302
  main_bn_bias_lr=60 cooldown_bn_bias_lr=21 tta_val_acc=0.9295
  main_bn_bias_lr=2.8 cooldown_bn_bias_lr=36 tta_val_acc=0.9268
  main_bn_bias_lr=280 cooldown_bn_bias_lr=60 tta_val_acc=0.9258
  main_bn_bias_lr=770 cooldown_bn_bias_lr=1300 tta_val_acc=0.2921
  main_bn_bias_lr=770 cooldown_bn_bias_lr=3500 tta_val_acc=0.1142
matrix:
cooldown_bn_bias_lr\main_bn_bias_lr	1	1.7	2.8	4.6	7.7	13	21	36	60	99	170	280	460	770	1300	2100	3500	5900	9800	1.6e+04	2.7e+04
1	0.9273	0.9278	0.9279	0.9278	0.9285	0.9286	0.9262	0.9263	0.9296	0.9256	0.9266	0.9242	0.9096	0.1968	0.1000	0.1000	0.1000	0.1000	0.1000	0.1000	0.1000
1.7	0.9273	0.9276	0.9279	0.9278	0.9287	0.9280	0.9261	0.9263	0.9302	0.9260	0.9259	0.9243	0.9095	0.2233	0.1000	0.1000	0.1000	0.1000	0.1000	0.1000	0.1000
2.8	0.9277	0.9274	0.9279	0.9280	0.9282	0.9283	0.9262	0.9268	0.9300	0.9260	0.9258	0.9240	0.9095	0.2351	0.1000	0.1000	0.1000	0.1000	0.1000	0.1000	0.1000
4.6	0.9283	0.9268	0.9279	0.9276	0.9292	0.9276	0.9266	0.9271	0.9301	0.9255	0.9256	0.9242	0.9106	0.2362	0.1000	0.1000	0.1000	0.1000	0.1000	0.1000	0.1000
7.7	0.9282	0.9269	0.9272	0.9270	0.9288	0.9277	0.9266	0.9268	0.9302	0.9255	0.9251	0.9250	0.9105	0.2410	0.1000	0.1000	0.1000	0.1000	0.1000	0.1000	0.1000
13	0.9280	0.9261	0.9266	0.9271	0.9283	0.9279	0.9266	0.9277	0.9294	0.9264	0.9257	0.9245	0.9112	0.2451	0.1000	0.1000	0.1000	0.1000	0.1000	0.1000	0.1000
21	0.9286	0.9259	0.9267	0.9261	0.9282	0.9279	0.9264	0.9273	0.9295	0.9265	0.9258	0.9246	0.9109	0.2601	0.1000	0.1000	0.1000	0.1000	0.1000	0.1000	0.1000
36	0.9277	0.9262	0.9268	0.9267	0.9271	0.9268	0.9270	0.9271	0.9275	0.9253	0.9247	0.9257	0.9116	0.2893	0.1000	0.1000	0.1000	0.1000	0.1000	0.1000	0.1000
60	0.9260	0.9248	0.9261	0.9247	0.9258	0.9252	0.9244	0.9268	0.9264	0.9244	0.9237	0.9258	0.9105	0.3039	0.1000	0.1000	0.1000	0.1000	0.1000	0.1000	0.1000
99	0.9250	0.9236	0.9251	0.9239	0.9239	0.9246	0.9234	0.9254	0.9255	0.9250	0.9235	0.9239	0.9096	0.3087	0.1000	0.1000	0.1000	0.1000	0.1000	0.1000	0.1000
170	0.9230	0.9230	0.9193	0.9200	0.9216	0.9215	0.9177	0.9228	0.9193	0.9169	0.9212	0.9212	0.9077	0.3614	0.1000	0.1000	0.1000	0.1000	0.1000	0.1000	0.1000
280	0.9131	0.8078	0.7039	0.7793	0.9107	0.9154	0.9027	0.9142	0.9061	0.8842	0.9127	0.9146	0.9066	0.3606	0.1000	0.1000	0.1000	0.1000	0.1000	0.1000	0.1000
460	0.5879	0.1853	0.1571	0.1317	0.4900	0.6766	0.1027	0.7802	0.3580	0.1000	0.8370	0.9003	0.8983	0.3217	0.1000	0.1000	0.1000	0.1000	0.1000	0.1000	0.1000
770	0.1000	0.0998	0.1000	0.1000	0.1000	0.1000	0.1000	0.1179	0.1000	0.1000	0.1000	0.4213	0.1631	0.2905	0.1000	0.1000	0.1000	0.1000	0.1000	0.1000	0.1000
1300	0.1000	0.1000	0.1000	0.1000	0.1000	0.1000	0.1000	0.1000	0.1000	0.1000	0.0729	0.1000	0.1000	0.2921	0.1000	0.1000	0.1000	0.1000	0.1000	0.1000	0.1000
2100	0.1000	0.1000	0.1000	0.1000	0.1000	0.1000	0.1000	0.1000	0.1000	0.1000	0.1000	0.1000	0.1000	0.1000	0.1000	0.1000	0.1000	0.1000	0.1000	0.1000	0.1000
3500	0.1000	0.1000	0.1000	0.1000	0.1000	0.1000	0.1000	0.1000	0.1000	0.1000	0.1000	0.1000	0.1000	0.1142	0.1000	0.1000	0.1000	0.1000	0.1000	0.1000	0.1000
5900	0.1000	0.1000	0.1000	0.1000	0.1000	0.1000	0.1000	0.1000	0.1000	0.1000	0.1000	0.1000	0.1000	0.1000	0.1000	0.1000	0.1000	0.1000	0.1000	0.1000	0.1000
9800	0.1000	0.1000	0.1000	0.1000	0.1000	0.1000	0.1000	0.1000	0.1000	0.1000	0.1000	0.1000	0.1000	0.1000	0.1000	0.1000	0.1000	0.1000	0.1000	0.1000	0.1000
1.6e+04	0.1000	0.1000	0.1000	0.1000	0.1000	0.1000	0.1000	0.1000	0.1000	0.1000	0.1000	0.1000	0.1000	0.1000	0.1000	0.1000	0.1000	0.1000	0.1000	0.1000	0.1000
2.7e+04	0.1000	0.1000	0.1000	0.1000	0.1000	0.1000	0.1000	0.1000	0.1000	0.1000	0.1000	0.1000	0.1000	0.1000	0.1000	0.1000	0.1000	0.1000	0.1000	0.1000	0.1000
main_tta_val_acc_before_cooldown:
main_bn_bias_lr	tta_val_acc_before_cooldown
1	0.8963
1.7	0.8979
2.8	0.8976
4.6	0.8965
7.7	0.8945
13	0.8966
21	0.8974
36	0.8953
60	0.8957
99	0.8873
170	0.8541
280	0.8207
460	0.7911
770	0.1238
1300	0.1000
2100	0.1000
3500	0.1000
5900	0.1000
9800	0.1000
1.6e+04	0.1000
2.7e+04	0.1000

interval=1 attr=head_lr
plot=interval1_head_lr_heatmap.png
selected_train_hparams=muon_lr=0.078 muon_momentum=0.7 whiten_bias_lr=2.8 bn_bias_lr=60 head_lr=280
fixed_main_hparams=muon_lr=0.078 muon_momentum=0.7 whiten_bias_lr=2.8 bn_bias_lr=60
shape=21x21
color_scale=vmin=0.902310 vmax=0.929000 extend=both
global_peak=main_head_lr=280 cooldown_head_lr=770 tta_val_acc=0.9302
peaks=
  main_head_lr=13 cooldown_head_lr=1.7 tta_val_acc=0.9276
  main_head_lr=4.6 cooldown_head_lr=2.8 tta_val_acc=0.9276
  main_head_lr=60 cooldown_head_lr=2.8 tta_val_acc=0.9280
  main_head_lr=280 cooldown_head_lr=2.8 tta_val_acc=0.9294
  main_head_lr=13 cooldown_head_lr=4.6 tta_val_acc=0.9276
  main_head_lr=2100 cooldown_head_lr=4.6 tta_val_acc=0.9283
  main_head_lr=460 cooldown_head_lr=7.7 tta_val_acc=0.9290
  main_head_lr=4.6 cooldown_head_lr=21 tta_val_acc=0.9276
  main_head_lr=13 cooldown_head_lr=21 tta_val_acc=0.9278
  main_head_lr=280 cooldown_head_lr=21 tta_val_acc=0.9288
  main_head_lr=2100 cooldown_head_lr=21 tta_val_acc=0.9284
  main_head_lr=60 cooldown_head_lr=36 tta_val_acc=0.9283
  main_head_lr=460 cooldown_head_lr=36 tta_val_acc=0.9287
  main_head_lr=4.6 cooldown_head_lr=60 tta_val_acc=0.9278
  main_head_lr=770 cooldown_head_lr=170 tta_val_acc=0.9291
  main_head_lr=2100 cooldown_head_lr=170 tta_val_acc=0.9289
  main_head_lr=60 cooldown_head_lr=280 tta_val_acc=0.9292
  main_head_lr=4.6 cooldown_head_lr=460 tta_val_acc=0.9295
  main_head_lr=770 cooldown_head_lr=460 tta_val_acc=0.9290
  main_head_lr=2100 cooldown_head_lr=460 tta_val_acc=0.9284
  main_head_lr=13 cooldown_head_lr=770 tta_val_acc=0.9277
  main_head_lr=280 cooldown_head_lr=770 tta_val_acc=0.9302
  main_head_lr=2100 cooldown_head_lr=1300 tta_val_acc=0.9287
  main_head_lr=36 cooldown_head_lr=2100 tta_val_acc=0.9283
  main_head_lr=770 cooldown_head_lr=2100 tta_val_acc=0.9299
  main_head_lr=2100 cooldown_head_lr=3500 tta_val_acc=0.9284
matrix:
cooldown_head_lr\main_head_lr	1	1.7	2.8	4.6	7.7	13	21	36	60	99	170	280	460	770	1300	2100	3500	5900	9800	1.6e+04	2.7e+04
1	0.9275	0.9263	0.9267	0.9271	0.9257	0.9268	0.9260	0.9269	0.9274	0.9284	0.9283	0.9281	0.9283	0.9288	0.9271	0.9283	0.9199	0.9027	0.5120	0.1000	0.1000
1.7	0.9278	0.9263	0.9261	0.9275	0.9256	0.9276	0.9262	0.9269	0.9279	0.9282	0.9278	0.9288	0.9289	0.9289	0.9272	0.9281	0.9197	0.9023	0.5165	0.1000	0.1000
2.8	0.9278	0.9261	0.9266	0.9276	0.9253	0.9273	0.9258	0.9267	0.9280	0.9279	0.9282	0.9294	0.9288	0.9288	0.9271	0.9279	0.9198	0.9028	0.5136	0.1000	0.1000
4.6	0.9281	0.9266	0.9265	0.9273	0.9257	0.9276	0.9266	0.9269	0.9277	0.9280	0.9281	0.9286	0.9283	0.9288	0.9272	0.9283	0.9198	0.9024	0.5124	0.1000	0.1000
7.7	0.9278	0.9264	0.9260	0.9273	0.9254	0.9273	0.9260	0.9266	0.9276	0.9280	0.9283	0.9285	0.9290	0.9289	0.9273	0.9279	0.9201	0.9022	0.5158	0.1000	0.1000
13	0.9279	0.9268	0.9262	0.9270	0.9257	0.9271	0.9264	0.9266	0.9277	0.9274	0.9284	0.9286	0.9282	0.9287	0.9271	0.9278	0.9200	0.9023	0.5133	0.1000	0.1000
21	0.9281	0.9267	0.9264	0.9276	0.9254	0.9278	0.9262	0.9269	0.9277	0.9278	0.9283	0.9288	0.9284	0.9286	0.9274	0.9284	0.9200	0.9025	0.5181	0.1000	0.1000
36	0.9283	0.9270	0.9264	0.9274	0.9254	0.9277	0.9262	0.9270	0.9283	0.9277	0.9284	0.9286	0.9287	0.9281	0.9274	0.9280	0.9202	0.9024	0.5174	0.1000	0.1000
60	0.9287	0.9266	0.9268	0.9278	0.9259	0.9271	0.9266	0.9271	0.9281	0.9282	0.9283	0.9291	0.9285	0.9285	0.9275	0.9280	0.9205	0.9020	0.5145	0.1000	0.1000
99	0.9288	0.9267	0.9266	0.9277	0.9259	0.9277	0.9271	0.9278	0.9287	0.9283	0.9288	0.9297	0.9288	0.9285	0.9275	0.9285	0.9200	0.9020	0.5147	0.1000	0.1000
170	0.9296	0.9265	0.9268	0.9285	0.9265	0.9277	0.9272	0.9284	0.9290	0.9276	0.9286	0.9297	0.9279	0.9291	0.9282	0.9289	0.9198	0.9021	0.5127	0.1000	0.1000
280	0.9291	0.9272	0.9275	0.9290	0.9261	0.9275	0.9275	0.9284	0.9292	0.9284	0.9284	0.9294	0.9280	0.9287	0.9277	0.9282	0.9199	0.9030	0.5113	0.1000	0.1000
460	0.9292	0.9280	0.9277	0.9295	0.9271	0.9276	0.9274	0.9281	0.9283	0.9274	0.9285	0.9299	0.9276	0.9290	0.9283	0.9284	0.9202	0.9028	0.5096	0.1000	0.1000
770	0.9286	0.9275	0.9272	0.9284	0.9267	0.9277	0.9268	0.9281	0.9287	0.9287	0.9284	0.9302	0.9274	0.9288	0.9276	0.9282	0.9201	0.9030	0.5081	0.1000	0.1000
1300	0.9283	0.9259	0.9283	0.9284	0.9269	0.9270	0.9268	0.9280	0.9283	0.9278	0.9287	0.9297	0.9273	0.9289	0.9280	0.9287	0.9203	0.9042	0.5251	0.1000	0.1000
2100	0.9290	0.9263	0.9271	0.9255	0.9267	0.9272	0.9273	0.9283	0.9282	0.9278	0.9287	0.9287	0.9273	0.9299	0.9270	0.9282	0.9205	0.9046	0.5728	0.1000	0.1000
3500	0.9194	0.9258	0.9216	0.9209	0.9240	0.9223	0.9232	0.9246	0.9198	0.9239	0.9241	0.9276	0.9234	0.9261	0.9282	0.9284	0.9197	0.9049	0.5771	0.1000	0.1000
5900	0.9036	0.9021	0.9061	0.9044	0.8992	0.9091	0.9049	0.9124	0.9114	0.9135	0.9094	0.9129	0.9141	0.9151	0.9251	0.9269	0.9203	0.9053	0.6160	0.1000	0.1000
9800	0.8968	0.8784	0.8885	0.8882	0.8883	0.7996	0.7980	0.8757	0.8084	0.8131	0.8616	0.8741	0.9014	0.9016	0.9132	0.9261	0.9205	0.9057	0.5941	0.1000	0.1000
1.6e+04	0.8722	0.5969	0.8574	0.8744	0.8857	0.6258	0.6609	0.5412	0.6113	0.7560	0.7649	0.7474	0.8601	0.8791	0.8971	0.9148	0.9204	0.9056	0.6313	0.1000	0.1000
2.7e+04	0.7141	0.1000	0.8479	0.8338	0.7908	0.2513	0.1000	0.1000	0.1000	0.1000	0.1000	0.4979	0.2858	0.8748	0.8818	0.9005	0.9200	0.9057	0.4772	0.1000	0.1000
main_tta_val_acc_before_cooldown:
main_head_lr	tta_val_acc_before_cooldown
1	0.8977
1.7	0.8934
2.8	0.8984
4.6	0.8970
7.7	0.8956
13	0.8969
21	0.8938
36	0.8968
60	0.8956
99	0.8980
170	0.8945
280	0.8957
460	0.8944
770	0.8884
1300	0.8841
2100	0.8918
3500	0.8839
5900	0.8337
9800	0.3602
1.6e+04	0.1000
2.7e+04	0.1000

interval=2 attr=whiten_bias_lr
plot=interval2_whiten_bias_lr_heatmap.png
selected_train_hparams=muon_lr=0.078 muon_momentum=0.7 whiten_bias_lr=2.8 bn_bias_lr=60 head_lr=280
fixed_main_hparams=muon_lr=0.078 muon_momentum=0.7 bn_bias_lr=60 head_lr=280
shape=21x21
color_scale=vmin=0.933850 vmax=0.933950 extend=neither
global_peak=main_whiten_bias_lr=1 cooldown_whiten_bias_lr=1 tta_val_acc=0.9339
peaks=none
matrix:
cooldown_whiten_bias_lr\main_whiten_bias_lr	1	1.7	2.8	4.6	7.7	13	21	36	60	99	170	280	460	770	1300	2100	3500	5900	9800	1.6e+04	2.7e+04
1	0.9339	0.9339	0.9339	0.9339	0.9339	0.9339	0.9339	0.9339	0.9339	0.9339	0.9339	0.9339	0.9339	0.9339	0.9339	0.9339	0.9339	0.9339	0.9339	0.9339	0.9339
1.7	0.9339	0.9339	0.9339	0.9339	0.9339	0.9339	0.9339	0.9339	0.9339	0.9339	0.9339	0.9339	0.9339	0.9339	0.9339	0.9339	0.9339	0.9339	0.9339	0.9339	0.9339
2.8	0.9339	0.9339	0.9339	0.9339	0.9339	0.9339	0.9339	0.9339	0.9339	0.9339	0.9339	0.9339	0.9339	0.9339	0.9339	0.9339	0.9339	0.9339	0.9339	0.9339	0.9339
4.6	0.9339	0.9339	0.9339	0.9339	0.9339	0.9339	0.9339	0.9339	0.9339	0.9339	0.9339	0.9339	0.9339	0.9339	0.9339	0.9339	0.9339	0.9339	0.9339	0.9339	0.9339
7.7	0.9339	0.9339	0.9339	0.9339	0.9339	0.9339	0.9339	0.9339	0.9339	0.9339	0.9339	0.9339	0.9339	0.9339	0.9339	0.9339	0.9339	0.9339	0.9339	0.9339	0.9339
13	0.9339	0.9339	0.9339	0.9339	0.9339	0.9339	0.9339	0.9339	0.9339	0.9339	0.9339	0.9339	0.9339	0.9339	0.9339	0.9339	0.9339	0.9339	0.9339	0.9339	0.9339
21	0.9339	0.9339	0.9339	0.9339	0.9339	0.9339	0.9339	0.9339	0.9339	0.9339	0.9339	0.9339	0.9339	0.9339	0.9339	0.9339	0.9339	0.9339	0.9339	0.9339	0.9339
36	0.9339	0.9339	0.9339	0.9339	0.9339	0.9339	0.9339	0.9339	0.9339	0.9339	0.9339	0.9339	0.9339	0.9339	0.9339	0.9339	0.9339	0.9339	0.9339	0.9339	0.9339
60	0.9339	0.9339	0.9339	0.9339	0.9339	0.9339	0.9339	0.9339	0.9339	0.9339	0.9339	0.9339	0.9339	0.9339	0.9339	0.9339	0.9339	0.9339	0.9339	0.9339	0.9339
99	0.9339	0.9339	0.9339	0.9339	0.9339	0.9339	0.9339	0.9339	0.9339	0.9339	0.9339	0.9339	0.9339	0.9339	0.9339	0.9339	0.9339	0.9339	0.9339	0.9339	0.9339
170	0.9339	0.9339	0.9339	0.9339	0.9339	0.9339	0.9339	0.9339	0.9339	0.9339	0.9339	0.9339	0.9339	0.9339	0.9339	0.9339	0.9339	0.9339	0.9339	0.9339	0.9339
280	0.9339	0.9339	0.9339	0.9339	0.9339	0.9339	0.9339	0.9339	0.9339	0.9339	0.9339	0.9339	0.9339	0.9339	0.9339	0.9339	0.9339	0.9339	0.9339	0.9339	0.9339
460	0.9339	0.9339	0.9339	0.9339	0.9339	0.9339	0.9339	0.9339	0.9339	0.9339	0.9339	0.9339	0.9339	0.9339	0.9339	0.9339	0.9339	0.9339	0.9339	0.9339	0.9339
770	0.9339	0.9339	0.9339	0.9339	0.9339	0.9339	0.9339	0.9339	0.9339	0.9339	0.9339	0.9339	0.9339	0.9339	0.9339	0.9339	0.9339	0.9339	0.9339	0.9339	0.9339
1300	0.9339	0.9339	0.9339	0.9339	0.9339	0.9339	0.9339	0.9339	0.9339	0.9339	0.9339	0.9339	0.9339	0.9339	0.9339	0.9339	0.9339	0.9339	0.9339	0.9339	0.9339
2100	0.9339	0.9339	0.9339	0.9339	0.9339	0.9339	0.9339	0.9339	0.9339	0.9339	0.9339	0.9339	0.9339	0.9339	0.9339	0.9339	0.9339	0.9339	0.9339	0.9339	0.9339
3500	0.9339	0.9339	0.9339	0.9339	0.9339	0.9339	0.9339	0.9339	0.9339	0.9339	0.9339	0.9339	0.9339	0.9339	0.9339	0.9339	0.9339	0.9339	0.9339	0.9339	0.9339
5900	0.9339	0.9339	0.9339	0.9339	0.9339	0.9339	0.9339	0.9339	0.9339	0.9339	0.9339	0.9339	0.9339	0.9339	0.9339	0.9339	0.9339	0.9339	0.9339	0.9339	0.9339
9800	0.9339	0.9339	0.9339	0.9339	0.9339	0.9339	0.9339	0.9339	0.9339	0.9339	0.9339	0.9339	0.9339	0.9339	0.9339	0.9339	0.9339	0.9339	0.9339	0.9339	0.9339
1.6e+04	0.9339	0.9339	0.9339	0.9339	0.9339	0.9339	0.9339	0.9339	0.9339	0.9339	0.9339	0.9339	0.9339	0.9339	0.9339	0.9339	0.9339	0.9339	0.9339	0.9339	0.9339
2.7e+04	0.9339	0.9339	0.9339	0.9339	0.9339	0.9339	0.9339	0.9339	0.9339	0.9339	0.9339	0.9339	0.9339	0.9339	0.9339	0.9339	0.9339	0.9339	0.9339	0.9339	0.9339
main_tta_val_acc_before_cooldown:
main_whiten_bias_lr	tta_val_acc_before_cooldown
1	0.9021
1.7	0.9021
2.8	0.9021
4.6	0.9021
7.7	0.9021
13	0.9021
21	0.9021
36	0.9021
60	0.9021
99	0.9021
170	0.9021
280	0.9021
460	0.9021
770	0.9021
1300	0.9021
2100	0.9021
3500	0.9021
5900	0.9021
9800	0.9021
1.6e+04	0.9021
2.7e+04	0.9021

interval=2 attr=bn_bias_lr
plot=interval2_bn_bias_lr_heatmap.png
selected_train_hparams=muon_lr=0.078 muon_momentum=0.7 whiten_bias_lr=2.8 bn_bias_lr=60 head_lr=280
fixed_main_hparams=muon_lr=0.078 muon_momentum=0.7 whiten_bias_lr=1 head_lr=280
shape=21x21
color_scale=vmin=0.887540 vmax=0.932980 extend=both
global_peak=main_bn_bias_lr=60 cooldown_bn_bias_lr=1 tta_val_acc=0.9339
peaks=
  main_bn_bias_lr=1.7 cooldown_bn_bias_lr=1.7 tta_val_acc=0.9330
  main_bn_bias_lr=4.6 cooldown_bn_bias_lr=2.8 tta_val_acc=0.9329
  main_bn_bias_lr=60 cooldown_bn_bias_lr=2.8 tta_val_acc=0.9337
  main_bn_bias_lr=1.7 cooldown_bn_bias_lr=7.7 tta_val_acc=0.9330
  main_bn_bias_lr=13 cooldown_bn_bias_lr=7.7 tta_val_acc=0.9319
  main_bn_bias_lr=60 cooldown_bn_bias_lr=7.7 tta_val_acc=0.9336
  main_bn_bias_lr=99 cooldown_bn_bias_lr=770 tta_val_acc=0.1468
matrix:
cooldown_bn_bias_lr\main_bn_bias_lr	1	1.7	2.8	4.6	7.7	13	21	36	60	99	170	280	460	770	1300	2100	3500	5900	9800	1.6e+04	2.7e+04
1	0.9316	0.9328	0.9306	0.9327	0.9291	0.9318	0.9301	0.9325	0.9339	0.9323	0.9294	0.9273	0.8866	0.1770	0.1000	0.1000	0.1000	0.1000	0.1000	0.1000	0.1000
1.7	0.9315	0.9330	0.9303	0.9324	0.9289	0.9314	0.9299	0.9322	0.9334	0.9322	0.9292	0.9273	0.8865	0.1831	0.1000	0.1000	0.1000	0.1000	0.1000	0.1000	0.1000
2.8	0.9316	0.9327	0.9299	0.9329	0.9303	0.9313	0.9298	0.9319	0.9337	0.9326	0.9291	0.9270	0.8870	0.1823	0.1000	0.1000	0.1000	0.1000	0.1000	0.1000	0.1000
4.6	0.9313	0.9324	0.9306	0.9322	0.9301	0.9315	0.9307	0.9323	0.9335	0.9315	0.9292	0.9278	0.8870	0.1791	0.1000	0.1000	0.1000	0.1000	0.1000	0.1000	0.1000
7.7	0.9314	0.9330	0.9309	0.9322	0.9302	0.9319	0.9297	0.9316	0.9336	0.9324	0.9298	0.9281	0.8877	0.1845	0.1000	0.1000	0.1000	0.1000	0.1000	0.1000	0.1000
13	0.9318	0.9321	0.9311	0.9318	0.9297	0.9312	0.9294	0.9322	0.9333	0.9312	0.9294	0.9286	0.8889	0.1788	0.1000	0.1000	0.1000	0.1000	0.1000	0.1000	0.1000
21	0.9307	0.9320	0.9307	0.9313	0.9293	0.9299	0.9297	0.9316	0.9328	0.9309	0.9293	0.9274	0.8877	0.1808	0.1000	0.1000	0.1000	0.1000	0.1000	0.1000	0.1000
36	0.9299	0.9302	0.9300	0.9300	0.9287	0.9298	0.9295	0.9312	0.9325	0.9305	0.9294	0.9282	0.8875	0.1834	0.1000	0.1000	0.1000	0.1000	0.1000	0.1000	0.1000
60	0.9280	0.9294	0.9277	0.9267	0.9278	0.9279	0.9292	0.9288	0.9313	0.9294	0.9277	0.9282	0.8858	0.1000	0.1000	0.1000	0.1000	0.1000	0.1000	0.1000	0.1000
99	0.9267	0.9272	0.9276	0.9254	0.9261	0.9271	0.9259	0.9276	0.9304	0.9281	0.9259	0.9270	0.8857	0.1000	0.1000	0.1000	0.1000	0.1000	0.1000	0.1000	0.1000
170	0.9258	0.9218	0.9174	0.9143	0.9231	0.9211	0.9161	0.9221	0.9261	0.9232	0.9202	0.9244	0.8800	0.1000	0.1000	0.1000	0.1000	0.1000	0.1000	0.1000	0.1000
280	0.3122	0.1005	0.4488	0.1000	0.1104	0.1966	0.1704	0.1853	0.1612	0.3943	0.9064	0.9203	0.4211	0.1000	0.1000	0.1000	0.1000	0.1000	0.1000	0.1000	0.1000
460	0.1001	0.1000	0.1000	0.1000	0.1000	0.1059	0.1000	0.1000	0.1194	0.1000	0.1001	0.3291	0.3249	0.1000	0.1000	0.1000	0.1000	0.1000	0.1000	0.1000	0.1000
770	0.1000	0.1000	0.1000	0.1000	0.1000	0.1000	0.1000	0.1000	0.1000	0.1468	0.1000	0.1000	0.2035	0.1000	0.1000	0.1000	0.1000	0.1000	0.1000	0.1000	0.1000
1300	0.1000	0.1000	0.1000	0.1000	0.1000	0.1000	0.1000	0.1000	0.1000	0.1000	0.1000	0.1000	0.1000	0.1000	0.1000	0.1000	0.1000	0.1000	0.1000	0.1000	0.1000
2100	0.1000	0.1000	0.1000	0.1000	0.1000	0.1000	0.1000	0.1000	0.1000	0.1000	0.1000	0.1000	0.1000	0.1000	0.1000	0.1000	0.1000	0.1000	0.1000	0.1000	0.1000
3500	0.1000	0.1000	0.1000	0.1000	0.1000	0.1000	0.1000	0.1000	0.1000	0.1000	0.1000	0.1000	0.1000	0.1000	0.1000	0.1000	0.1000	0.1000	0.1000	0.1000	0.1000
5900	0.1000	0.1000	0.1000	0.1000	0.1000	0.1000	0.1000	0.1000	0.1000	0.1000	0.1000	0.1000	0.1000	0.1000	0.1000	0.1000	0.1000	0.1000	0.1000	0.1000	0.1000
9800	0.1000	0.1000	0.1000	0.1000	0.1000	0.1000	0.1000	0.1000	0.1000	0.1000	0.1000	0.1000	0.1000	0.1000	0.1000	0.1000	0.1000	0.1000	0.1000	0.1000	0.1000
1.6e+04	0.1000	0.1000	0.1000	0.1000	0.1000	0.1000	0.1000	0.1000	0.1000	0.1000	0.1000	0.1000	0.1000	0.1000	0.1000	0.1000	0.1000	0.1000	0.1000	0.1000	0.1000
2.7e+04	0.1000	0.1000	0.1000	0.1000	0.1000	0.1000	0.1000	0.1000	0.1000	0.1000	0.1000	0.1000	0.1000	0.1000	0.1000	0.1000	0.1000	0.1000	0.1000	0.1000	0.1000
main_tta_val_acc_before_cooldown:
main_bn_bias_lr	tta_val_acc_before_cooldown
1	0.8996
1.7	0.8993
2.8	0.8972
4.6	0.8979
7.7	0.9030
13	0.9007
21	0.8997
36	0.8964
60	0.9021
99	0.8969
170	0.8928
280	0.8876
460	0.6757
770	0.1768
1300	0.1000
2100	0.1000
3500	0.1000
5900	0.1000
9800	0.1000
1.6e+04	0.1000
2.7e+04	0.1000

interval=2 attr=head_lr
plot=interval2_head_lr_heatmap.png
selected_train_hparams=muon_lr=0.078 muon_momentum=0.7 whiten_bias_lr=2.8 bn_bias_lr=60 head_lr=280
fixed_main_hparams=muon_lr=0.078 muon_momentum=0.7 whiten_bias_lr=1 bn_bias_lr=60
shape=21x21
color_scale=vmin=0.894395 vmax=0.933000 extend=both
global_peak=main_head_lr=280 cooldown_head_lr=1300 tta_val_acc=0.9339
peaks=
  main_head_lr=4.6 cooldown_head_lr=1.7 tta_val_acc=0.9317
  main_head_lr=280 cooldown_head_lr=1.7 tta_val_acc=0.9317
  main_head_lr=1.7 cooldown_head_lr=2.8 tta_val_acc=0.9334
  main_head_lr=2100 cooldown_head_lr=2.8 tta_val_acc=0.9316
  main_head_lr=60 cooldown_head_lr=7.7 tta_val_acc=0.9326
  main_head_lr=280 cooldown_head_lr=7.7 tta_val_acc=0.9316
  main_head_lr=1.7 cooldown_head_lr=13 tta_val_acc=0.9337
  main_head_lr=99 cooldown_head_lr=13 tta_val_acc=0.9327
  main_head_lr=2100 cooldown_head_lr=13 tta_val_acc=0.9313
  main_head_lr=7.7 cooldown_head_lr=21 tta_val_acc=0.9324
  main_head_lr=280 cooldown_head_lr=36 tta_val_acc=0.9319
  main_head_lr=1.7 cooldown_head_lr=60 tta_val_acc=0.9335
  main_head_lr=280 cooldown_head_lr=99 tta_val_acc=0.9322
  main_head_lr=2100 cooldown_head_lr=99 tta_val_acc=0.9318
  main_head_lr=7.7 cooldown_head_lr=170 tta_val_acc=0.9323
  main_head_lr=770 cooldown_head_lr=170 tta_val_acc=0.9301
  main_head_lr=4.6 cooldown_head_lr=460 tta_val_acc=0.9330
  main_head_lr=280 cooldown_head_lr=460 tta_val_acc=0.9334
  main_head_lr=2100 cooldown_head_lr=460 tta_val_acc=0.9316
  main_head_lr=1.7 cooldown_head_lr=770 tta_val_acc=0.9334
  main_head_lr=60 cooldown_head_lr=770 tta_val_acc=0.9328
  main_head_lr=4.6 cooldown_head_lr=1300 tta_val_acc=0.9331
  main_head_lr=13 cooldown_head_lr=1300 tta_val_acc=0.9323
  main_head_lr=280 cooldown_head_lr=1300 tta_val_acc=0.9339
  main_head_lr=36 cooldown_head_lr=2100 tta_val_acc=0.9326
  main_head_lr=2100 cooldown_head_lr=2100 tta_val_acc=0.9320
  main_head_lr=3500 cooldown_head_lr=1.6e+04 tta_val_acc=0.9283
matrix:
cooldown_head_lr\main_head_lr	1	1.7	2.8	4.6	7.7	13	21	36	60	99	170	280	460	770	1300	2100	3500	5900	9800	1.6e+04	2.7e+04
1	0.9314	0.9332	0.9319	0.9312	0.9316	0.9298	0.9305	0.9310	0.9324	0.9322	0.9316	0.9316	0.9293	0.9300	0.9286	0.9312	0.9276	0.9084	0.3257	0.1000	0.1000
1.7	0.9313	0.9329	0.9314	0.9317	0.9315	0.9297	0.9301	0.9307	0.9317	0.9325	0.9312	0.9317	0.9300	0.9297	0.9283	0.9310	0.9274	0.9085	0.3281	0.1000	0.1000
2.8	0.9306	0.9334	0.9314	0.9312	0.9319	0.9295	0.9301	0.9308	0.9319	0.9325	0.9318	0.9312	0.9299	0.9296	0.9287	0.9316	0.9276	0.9086	0.3286	0.1000	0.1000
4.6	0.9311	0.9331	0.9316	0.9316	0.9319	0.9302	0.9305	0.9314	0.9318	0.9324	0.9314	0.9314	0.9295	0.9297	0.9287	0.9313	0.9275	0.9093	0.3257	0.1000	0.1000
7.7	0.9309	0.9332	0.9317	0.9314	0.9318	0.9302	0.9302	0.9312	0.9326	0.9320	0.9315	0.9316	0.9302	0.9300	0.9288	0.9311	0.9281	0.9087	0.3253	0.1000	0.1000
13	0.9310	0.9337	0.9317	0.9313	0.9320	0.9298	0.9307	0.9311	0.9317	0.9327	0.9319	0.9311	0.9298	0.9299	0.9289	0.9313	0.9274	0.9089	0.3281	0.1000	0.1000
21	0.9311	0.9335	0.9316	0.9313	0.9324	0.9301	0.9304	0.9309	0.9321	0.9325	0.9318	0.9316	0.9301	0.9299	0.9286	0.9312	0.9277	0.9084	0.3275	0.1000	0.1000
36	0.9309	0.9333	0.9321	0.9310	0.9316	0.9298	0.9301	0.9309	0.9322	0.9325	0.9318	0.9319	0.9304	0.9295	0.9288	0.9313	0.9277	0.9084	0.3243	0.1000	0.1000
60	0.9313	0.9335	0.9319	0.9313	0.9320	0.9299	0.9305	0.9310	0.9313	0.9325	0.9315	0.9311	0.9296	0.9292	0.9293	0.9316	0.9269	0.9082	0.3257	0.1000	0.1000
99	0.9315	0.9333	0.9319	0.9319	0.9322	0.9304	0.9307	0.9318	0.9321	0.9322	0.9318	0.9322	0.9300	0.9300	0.9283	0.9318	0.9281	0.9081	0.3294	0.1000	0.1000
170	0.9314	0.9332	0.9321	0.9318	0.9323	0.9308	0.9307	0.9315	0.9321	0.9322	0.9316	0.9318	0.9300	0.9301	0.9283	0.9312	0.9277	0.9083	0.3254	0.1000	0.1000
280	0.9314	0.9332	0.9322	0.9328	0.9318	0.9313	0.9308	0.9319	0.9323	0.9320	0.9313	0.9331	0.9298	0.9299	0.9288	0.9311	0.9281	0.9083	0.3258	0.1000	0.1000
460	0.9319	0.9331	0.9323	0.9330	0.9323	0.9318	0.9301	0.9317	0.9327	0.9324	0.9303	0.9334	0.9311	0.9301	0.9293	0.9316	0.9280	0.9092	0.3254	0.1000	0.1000
770	0.9318	0.9334	0.9316	0.9327	0.9321	0.9318	0.9305	0.9318	0.9328	0.9318	0.9310	0.9327	0.9308	0.9306	0.9286	0.9313	0.9279	0.9091	0.3294	0.1000	0.1000
1300	0.9318	0.9330	0.9319	0.9331	0.9317	0.9323	0.9305	0.9324	0.9320	0.9318	0.9318	0.9339	0.9318	0.9302	0.9288	0.9317	0.9278	0.9093	0.3311	0.1000	0.1000
2100	0.9323	0.9329	0.9310	0.9329	0.9286	0.9298	0.9313	0.9326	0.9294	0.9318	0.9294	0.9315	0.9307	0.9307	0.9295	0.9320	0.9280	0.9095	0.3650	0.1000	0.1000
3500	0.9257	0.9234	0.9160	0.9261	0.9248	0.9241	0.9154	0.9179	0.9270	0.9238	0.9239	0.9240	0.9248	0.9285	0.9285	0.9310	0.9280	0.9098	0.3862	0.1000	0.1000
5900	0.9073	0.9180	0.9163	0.9076	0.9127	0.9188	0.9179	0.9115	0.9090	0.9181	0.9020	0.9061	0.9040	0.9070	0.9254	0.9305	0.9280	0.9101	0.4128	0.1000	0.1000
9800	0.8979	0.8971	0.8887	0.8937	0.8913	0.8943	0.8960	0.8972	0.8909	0.8879	0.8944	0.8915	0.8952	0.8959	0.9007	0.9276	0.9277	0.9086	0.3717	0.1000	0.1000
1.6e+04	0.8812	0.8707	0.8824	0.8807	0.8818	0.8748	0.8853	0.8787	0.8824	0.8727	0.8500	0.8803	0.8719	0.8849	0.8981	0.9143	0.9283	0.9101	0.4066	0.1000	0.1000
2.7e+04	0.8499	0.8559	0.8562	0.7767	0.8541	0.8596	0.8679	0.8442	0.8805	0.8574	0.8867	0.8518	0.8397	0.8030	0.8905	0.9041	0.9254	0.9106	0.4380	0.1000	0.1000
main_tta_val_acc_before_cooldown:
main_head_lr	tta_val_acc_before_cooldown
1	0.8994
1.7	0.9012
2.8	0.8995
4.6	0.8994
7.7	0.9007
13	0.9011
21	0.8980
36	0.9012
60	0.9013
99	0.8977
170	0.9012
280	0.9021
460	0.8974
770	0.9011
1300	0.8968
2100	0.8944
3500	0.8918
5900	0.7831
9800	0.1379
1.6e+04	0.1000
2.7e+04	0.1000
