Log: cifar_baseline2_overfit_n_search_exp1.log
Configurations: 12

run=0 batch_size=500 N=1 initial_muon_lr=0.2 initial_muon_lr_k=0
loss_per_step = [(0, 2.3133), (1, 2.3254), (2, 2.6279), (3, 2.0679), (4, 1.8161), (5, 1.4852), (6, 1.2277), (7, 1.0941), (8, 0.9932), (9, 0.9422), (10, 0.9127), (11, 0.8962), (12, 0.8887), (13, 0.8869), (14, 0.8813), (15, 0.8779), (16, 0.8762), (17, 0.8747), (18, 0.8736), (19, 0.8725), (20, 0.872), (21, 0.8714), (22, 0.8709), (23, 0.8705), (24, 0.8703), (25, 0.87), (26, 0.8697), (27, 0.8697), (28, 0.8693), (29, 0.8692), (30, 0.869), (31, 0.8689), (32, 0.8688), (33, 0.8686), (34, 0.8685), (35, 0.8685), (36, 0.8683), (37, 0.8683), (38, 0.8682), (39, 0.8682), (40, 0.8681), (41, 0.868), (42, 0.868), (43, 0.8679), (44, 0.8679), (45, 0.8678), (46, 0.8678), (47, 0.8678), (48, 0.8677), (49, 0.8677), (50, 0.8676)]

run=1 batch_size=500 N=2 initial_muon_lr=0.2 initial_muon_lr_k=0
loss_per_step = [(0, 2.3133), (1, 2.3595), (2, 2.5268), (3, 1.9353), (4, 1.7762), (5, 1.4152), (6, 1.1774), (7, 1.0185), (8, 0.9515), (9, 0.9129), (10, 0.8985), (11, 0.888), (12, 0.8831), (13, 0.8791), (14, 0.8769), (15, 0.875), (16, 0.8737), (17, 0.8725), (18, 0.872), (19, 0.8712), (20, 0.8706), (21, 0.8701), (22, 0.8698), (23, 0.8694), (24, 0.8692), (25, 0.8689), (26, 0.8687), (27, 0.8686), (28, 0.8685), (29, 0.8683), (30, 0.8682), (31, 0.8681), (32, 0.868), (33, 0.8679), (34, 0.8679), (35, 0.8678), (36, 0.8678), (37, 0.8677), (38, 0.8677), (39, 0.8676), (40, 0.8676), (41, 0.8675), (42, 0.8675), (43, 0.8675), (44, 0.8674), (45, 0.8674), (46, 0.8674), (47, 0.8674), (48, 0.8673), (49, 0.8673), (50, 0.8673)]

run=2 batch_size=500 N=5 initial_muon_lr=0.2 initial_muon_lr_k=0
loss_per_step = [(0, 2.3133), (1, 2.3254), (2, 2.6174), (3, 2.1363), (4, 1.7947), (5, 1.4922), (6, 1.2372), (7, 1.0765), (8, 0.9717), (9, 0.9154), (10, 0.9023), (11, 0.888), (12, 0.8813), (13, 0.8772), (14, 0.8747), (15, 0.8736), (16, 0.8722), (17, 0.8709), (18, 0.8707), (19, 0.8701), (20, 0.8697), (21, 0.8691), (22, 0.8687), (23, 0.8686), (24, 0.8683), (25, 0.8683), (26, 0.868), (27, 0.8678), (28, 0.8678), (29, 0.8677), (30, 0.8676), (31, 0.8675), (32, 0.8675), (33, 0.8674), (34, 0.8674), (35, 0.8674), (36, 0.8673), (37, 0.8673), (38, 0.8673), (39, 0.8672), (40, 0.8672), (41, 0.8672), (42, 0.8672), (43, 0.8672), (44, 0.8671), (45, 0.8671), (46, 0.8671), (47, 0.8671), (48, 0.8671), (49, 0.8671), (50, 0.8671)]

run=3 batch_size=500 N=10 initial_muon_lr=0.2 initial_muon_lr_k=0
loss_per_step = [(0, 2.3133), (1, 2.3765), (2, 2.7565), (3, 2.3217), (4, 1.9364), (5, 1.6214), (6, 1.4119), (7, 1.2368), (8, 1.0984), (9, 0.9975), (10, 0.9677), (11, 0.9253), (12, 0.904), (13, 0.8931), (14, 0.8858), (15, 0.88), (16, 0.876), (17, 0.8743), (18, 0.8735), (19, 0.8729), (20, 0.8721), (21, 0.8699), (22, 0.8701), (23, 0.8692), (24, 0.869), (25, 0.8689), (26, 0.8687), (27, 0.8685), (28, 0.8684), (29, 0.8682), (30, 0.8682), (31, 0.8678), (32, 0.8679), (33, 0.8677), (34, 0.8677), (35, 0.8676), (36, 0.8676), (37, 0.8675), (38, 0.8675), (39, 0.8675), (40, 0.8674), (41, 0.8674), (42, 0.8673), (43, 0.8673), (44, 0.8673), (45, 0.8673), (46, 0.8673), (47, 0.8672), (48, 0.8672), (49, 0.8672), (50, 0.8672)]

run=4 batch_size=2000 N=1 initial_muon_lr=0.2 initial_muon_lr_k=0
loss_per_step = [(0, 2.3135), (1, 2.2201), (2, 2.2238), (3, 1.9782), (4, 1.7329), (5, 1.5326), (6, 1.3445), (7, 1.269), (8, 1.1267), (9, 1.0647), (10, 1.0102), (11, 0.9854), (12, 0.9516), (13, 0.9395), (14, 0.9132), (15, 0.9029), (16, 0.8944), (17, 0.8871), (18, 0.8839), (19, 0.8816), (20, 0.8809), (21, 0.8779), (22, 0.8774), (23, 0.8757), (24, 0.8752), (25, 0.8745), (26, 0.8741), (27, 0.8734), (28, 0.8729), (29, 0.8725), (30, 0.8721), (31, 0.8717), (32, 0.8715), (33, 0.8711), (34, 0.871), (35, 0.8707), (36, 0.8705), (37, 0.8702), (38, 0.8701), (39, 0.8699), (40, 0.8698), (41, 0.8696), (42, 0.8696), (43, 0.8694), (44, 0.8693), (45, 0.8692), (46, 0.8691), (47, 0.869), (48, 0.8689), (49, 0.8688), (50, 0.8687)]

run=5 batch_size=2000 N=2 initial_muon_lr=0.2 initial_muon_lr_k=0
loss_per_step = [(0, 2.3135), (1, 2.2279), (2, 2.2034), (3, 1.866), (4, 1.6381), (5, 1.4148), (6, 1.2739), (7, 1.1327), (8, 1.0319), (9, 0.9645), (10, 0.9289), (11, 0.9093), (12, 0.898), (13, 0.8898), (14, 0.8862), (15, 0.8822), (16, 0.8803), (17, 0.8782), (18, 0.8769), (19, 0.8755), (20, 0.8751), (21, 0.874), (22, 0.8734), (23, 0.8728), (24, 0.8723), (25, 0.8718), (26, 0.8714), (27, 0.871), (28, 0.8708), (29, 0.8705), (30, 0.8702), (31, 0.87), (32, 0.8698), (33, 0.8696), (34, 0.8695), (35, 0.8693), (36, 0.8692), (37, 0.869), (38, 0.8689), (39, 0.8688), (40, 0.8687), (41, 0.8686), (42, 0.8686), (43, 0.8684), (44, 0.8684), (45, 0.8683), (46, 0.8682), (47, 0.8681), (48, 0.8681), (49, 0.868), (50, 0.868)]

run=6 batch_size=2000 N=5 initial_muon_lr=0.2 initial_muon_lr_k=0
loss_per_step = [(0, 2.3135), (1, 2.2311), (2, 2.2329), (3, 1.9817), (4, 1.7868), (5, 1.6142), (6, 1.4202), (7, 1.2418), (8, 1.126), (9, 1.0479), (10, 1.0002), (11, 0.9555), (12, 0.9303), (13, 0.9094), (14, 0.8991), (15, 0.8948), (16, 0.8875), (17, 0.8847), (18, 0.8816), (19, 0.8798), (20, 0.8783), (21, 0.8775), (22, 0.8761), (23, 0.8754), (24, 0.8747), (25, 0.8741), (26, 0.8742), (27, 0.8732), (28, 0.8728), (29, 0.8724), (30, 0.872), (31, 0.8717), (32, 0.8712), (33, 0.871), (34, 0.8707), (35, 0.8705), (36, 0.8705), (37, 0.8702), (38, 0.87), (39, 0.8699), (40, 0.8697), (41, 0.8696), (42, 0.8694), (43, 0.8693), (44, 0.8692), (45, 0.8691), (46, 0.8691), (47, 0.8689), (48, 0.8688), (49, 0.8688), (50, 0.8687)]

run=7 batch_size=2000 N=10 initial_muon_lr=0.2 initial_muon_lr_k=0
loss_per_step = [(0, 2.3135), (1, 2.2311), (2, 2.2329), (3, 1.9817), (4, 1.7868), (5, 1.6142), (6, 1.4875), (7, 1.3412), (8, 1.24), (9, 1.1338), (10, 1.0629), (11, 0.9903), (12, 0.9564), (13, 0.9316), (14, 0.9148), (15, 0.9011), (16, 0.8913), (17, 0.8849), (18, 0.8828), (19, 0.8822), (20, 0.8789), (21, 0.8755), (22, 0.8747), (23, 0.8734), (24, 0.8728), (25, 0.8722), (26, 0.8717), (27, 0.8713), (28, 0.8709), (29, 0.8706), (30, 0.8703), (31, 0.8697), (32, 0.8694), (33, 0.8693), (34, 0.8691), (35, 0.869), (36, 0.8688), (37, 0.8687), (38, 0.8686), (39, 0.8685), (40, 0.8684), (41, 0.8682), (42, 0.8681), (43, 0.8681), (44, 0.868), (45, 0.8679), (46, 0.8678), (47, 0.8678), (48, 0.8677), (49, 0.8677), (50, 0.8677)]

run=8 batch_size=10000 N=1 initial_muon_lr=0.2 initial_muon_lr_k=0
loss_per_step = [(0, 2.3141), (1, 2.2523), (2, 2.2419), (3, 2.0257), (4, 1.842), (5, 1.7222), (6, 1.6219), (7, 1.5588), (8, 1.4849), (9, 1.4601), (10, 1.4116), (11, 1.3781), (12, 1.3378), (13, 1.3397), (14, 1.2916), (15, 1.297), (16, 1.2278), (17, 1.2213), (18, 1.1794), (19, 1.1808), (20, 1.146), (21, 1.1261), (22, 1.1005), (23, 1.1059), (24, 1.0616), (25, 1.0139), (26, 0.9909), (27, 0.9662), (28, 0.9552), (29, 0.9385), (30, 0.9348), (31, 0.9228), (32, 0.9186), (33, 0.9141), (34, 0.9113), (35, 0.907), (36, 0.9037), (37, 0.9023), (38, 0.8994), (39, 0.8987), (40, 0.8964), (41, 0.8951), (42, 0.894), (43, 0.893), (44, 0.8912), (45, 0.8907), (46, 0.8897), (47, 0.8893), (48, 0.8878), (49, 0.8877), (50, 0.8865)]

run=9 batch_size=10000 N=2 initial_muon_lr=0.2 initial_muon_lr_k=0
loss_per_step = [(0, 2.3141), (1, 2.2523), (2, 2.2341), (3, 1.9659), (4, 1.8155), (5, 1.6618), (6, 1.5656), (7, 1.4629), (8, 1.3966), (9, 1.3216), (10, 1.2815), (11, 1.204), (12, 1.1652), (13, 1.1167), (14, 1.0791), (15, 1.0459), (16, 1.0324), (17, 1.0061), (18, 0.9956), (19, 0.9767), (20, 0.9757), (21, 0.9635), (22, 0.9512), (23, 0.9408), (24, 0.936), (25, 0.928), (26, 0.9253), (27, 0.9204), (28, 0.9162), (29, 0.9123), (30, 0.9103), (31, 0.9069), (32, 0.9059), (33, 0.9039), (34, 0.9021), (35, 0.9002), (36, 0.8994), (37, 0.8977), (38, 0.8971), (39, 0.896), (40, 0.895), (41, 0.8941), (42, 0.8935), (43, 0.8927), (44, 0.8921), (45, 0.8914), (46, 0.8909), (47, 0.8902), (48, 0.8898), (49, 0.8891), (50, 0.8887)]

run=10 batch_size=10000 N=5 initial_muon_lr=0.2 initial_muon_lr_k=0
loss_per_step = [(0, 2.3141), (1, 2.2544), (2, 2.2529), (3, 2.0422), (4, 1.8944), (5, 1.8196), (6, 1.6832), (7, 1.5746), (8, 1.4901), (9, 1.4128), (10, 1.348), (11, 1.3691), (12, 1.2964), (13, 1.2495), (14, 1.2123), (15, 1.1766), (16, 1.1645), (17, 1.0917), (18, 1.067), (19, 1.0458), (20, 1.0285), (21, 1.0177), (22, 0.9864), (23, 0.9751), (24, 0.964), (25, 0.9545), (26, 0.9509), (27, 0.936), (28, 0.9307), (29, 0.9259), (30, 0.9214), (31, 0.9198), (32, 0.9135), (33, 0.9111), (34, 0.9086), (35, 0.9063), (36, 0.9077), (37, 0.9026), (38, 0.9011), (39, 0.8996), (40, 0.8982), (41, 0.8976), (42, 0.8951), (43, 0.8942), (44, 0.8933), (45, 0.8924), (46, 0.8932), (47, 0.8909), (48, 0.8903), (49, 0.8897), (50, 0.8891)]

run=11 batch_size=10000 N=10 initial_muon_lr=0.2 initial_muon_lr_k=0
loss_per_step = [(0, 2.3141), (1, 2.2544), (2, 2.2529), (3, 2.0422), (4, 1.8944), (5, 1.8196), (6, 1.7132), (7, 1.6695), (8, 1.5983), (9, 1.5258), (10, 1.4662), (11, 1.3483), (12, 1.3055), (13, 1.2734), (14, 1.2218), (15, 1.1911), (16, 1.1531), (17, 1.1181), (18, 1.0656), (19, 1.0304), (20, 1.012), (21, 0.9635), (22, 0.9438), (23, 0.9291), (24, 0.921), (25, 0.9126), (26, 0.9057), (27, 0.9003), (28, 0.8962), (29, 0.8931), (30, 0.8905), (31, 0.8882), (32, 0.8864), (33, 0.8853), (34, 0.884), (35, 0.883), (36, 0.8821), (37, 0.8813), (38, 0.8805), (39, 0.8798), (40, 0.8792), (41, 0.8781), (42, 0.8775), (43, 0.8772), (44, 0.8767), (45, 0.8764), (46, 0.876), (47, 0.8757), (48, 0.8754), (49, 0.8751), (50, 0.8748)]

