log=/workspace/neural_networks_optimization/autoresearch/automatic_lr4/20260706_235846_088906/cifar_search_improved.log
intervals=0 1 2 3
color_percentiles=5 95
color_floor=0.88

interval=0 attr=bias_lr
plot=interval0_bias_lr_heatmap.png
selected_train_hparams=muon_lr=0.13 muon_momentum=0.6 bias_lr=60 head_lr=770
fixed_main_hparams=muon_lr=0.13 muon_momentum=0.6 head_lr=770
shape=21x21
color_scale=vmin=0.892995 vmax=0.910435 extend=both
global_peak=main_bias_lr=60 cooldown_bias_lr=21 tta_val_acc=0.9128
peaks=
  main_bias_lr=3500 cooldown_bias_lr=1.7 tta_val_acc=0.1967
  main_bias_lr=7.7 cooldown_bias_lr=2.8 tta_val_acc=0.9095
  main_bias_lr=170 cooldown_bias_lr=2.8 tta_val_acc=0.9086
  main_bias_lr=21 cooldown_bias_lr=4.6 tta_val_acc=0.9111
  main_bias_lr=60 cooldown_bias_lr=4.6 tta_val_acc=0.9123
  main_bias_lr=3500 cooldown_bias_lr=4.6 tta_val_acc=0.1948
  main_bias_lr=7.7 cooldown_bias_lr=7.7 tta_val_acc=0.9096
  main_bias_lr=170 cooldown_bias_lr=13 tta_val_acc=0.9090
  main_bias_lr=3500 cooldown_bias_lr=13 tta_val_acc=0.1965
  main_bias_lr=1.7 cooldown_bias_lr=21 tta_val_acc=0.9069
  main_bias_lr=7.7 cooldown_bias_lr=21 tta_val_acc=0.9085
  main_bias_lr=21 cooldown_bias_lr=21 tta_val_acc=0.9119
  main_bias_lr=60 cooldown_bias_lr=21 tta_val_acc=0.9128
  main_bias_lr=9800 cooldown_bias_lr=21 tta_val_acc=0.1784
  main_bias_lr=3500 cooldown_bias_lr=36 tta_val_acc=0.1978
  main_bias_lr=21 cooldown_bias_lr=60 tta_val_acc=0.9100
  main_bias_lr=1.6e+04 cooldown_bias_lr=170 tta_val_acc=0.1255
  main_bias_lr=3500 cooldown_bias_lr=770 tta_val_acc=0.3212
  main_bias_lr=1.6e+04 cooldown_bias_lr=770 tta_val_acc=0.1158
  main_bias_lr=3500 cooldown_bias_lr=3500 tta_val_acc=0.2575
  main_bias_lr=280 cooldown_bias_lr=5900 tta_val_acc=0.1001
  main_bias_lr=9800 cooldown_bias_lr=5900 tta_val_acc=0.1696
  main_bias_lr=1300 cooldown_bias_lr=1.6e+04 tta_val_acc=0.1781
matrix:
cooldown_bias_lr\main_bias_lr	1	1.7	2.8	4.6	7.7	13	21	36	60	99	170	280	460	770	1300	2100	3500	5900	9800	1.6e+04	2.7e+04
1	0.9046	0.9054	0.9054	0.9071	0.9080	0.9080	0.9095	0.9077	0.9122	0.9069	0.9079	0.9017	0.8912	0.7794	0.2689	0.1526	0.1949	0.1000	0.1423	0.1325	0.1000
1.7	0.9044	0.9045	0.9055	0.9072	0.9093	0.9072	0.9096	0.9072	0.9100	0.9064	0.9066	0.9006	0.8915	0.7766	0.3052	0.1430	0.1967	0.1000	0.1469	0.1317	0.1000
2.8	0.9041	0.9037	0.9042	0.9068	0.9095	0.9082	0.9099	0.9078	0.9104	0.9069	0.9086	0.9004	0.8932	0.7755	0.2671	0.1438	0.1926	0.1000	0.1574	0.1230	0.1000
4.6	0.9036	0.9060	0.9055	0.9072	0.9087	0.9081	0.9111	0.9095	0.9123	0.9068	0.9074	0.9019	0.8935	0.7720	0.3093	0.1784	0.1948	0.1000	0.1589	0.1320	0.1000
7.7	0.9037	0.9061	0.9062	0.9080	0.9096	0.9086	0.9090	0.9069	0.9120	0.9079	0.9077	0.9006	0.8928	0.7720	0.2413	0.1888	0.1934	0.1000	0.1609	0.1182	0.1000
13	0.9044	0.9061	0.9034	0.9069	0.9079	0.9083	0.9104	0.9079	0.9122	0.9083	0.9090	0.9010	0.8930	0.7806	0.2474	0.1716	0.1965	0.1000	0.1703	0.1390	0.1000
21	0.9034	0.9069	0.9052	0.9069	0.9085	0.9078	0.9119	0.9074	0.9128	0.9074	0.9084	0.9014	0.8933	0.7842	0.2686	0.1591	0.1941	0.1000	0.1784	0.1436	0.1000
36	0.9030	0.9058	0.9047	0.9059	0.9073	0.9074	0.9096	0.9069	0.9103	0.9077	0.9070	0.9009	0.8961	0.7671	0.2709	0.1000	0.1978	0.1000	0.1000	0.1292	0.1000
60	0.9020	0.9051	0.9039	0.9042	0.9072	0.9062	0.9100	0.9052	0.9088	0.9061	0.9061	0.9015	0.8957	0.7908	0.2659	0.1000	0.1975	0.1000	0.1000	0.1271	0.1000
99	0.8978	0.8994	0.9010	0.9017	0.9033	0.9027	0.9046	0.9022	0.9045	0.9037	0.9045	0.9004	0.8938	0.8009	0.2609	0.1064	0.1978	0.1000	0.1000	0.1226	0.1000
170	0.8779	0.8772	0.8768	0.8955	0.8761	0.8842	0.8929	0.8931	0.8965	0.8909	0.8973	0.8977	0.8939	0.8052	0.3254	0.1000	0.2171	0.1008	0.1001	0.1255	0.1000
280	0.8265	0.8651	0.8097	0.8542	0.8317	0.8515	0.8795	0.8662	0.8849	0.8767	0.8630	0.8687	0.8792	0.7725	0.3346	0.1309	0.2638	0.1000	0.1000	0.1156	0.1000
460	0.6966	0.6514	0.7171	0.7515	0.6695	0.7242	0.7326	0.7797	0.7141	0.8360	0.8118	0.8520	0.8613	0.7037	0.2803	0.1000	0.2680	0.1000	0.1000	0.1010	0.1000
770	0.1085	0.1000	0.1000	0.1000	0.0815	0.1000	0.1773	0.2424	0.2735	0.3646	0.5683	0.3952	0.5970	0.4996	0.1793	0.1000	0.3212	0.1000	0.1055	0.1158	0.1000
1300	0.1000	0.1000	0.1000	0.1000	0.1000	0.1000	0.1000	0.1000	0.1000	0.1000	0.1411	0.1000	0.3891	0.3280	0.1173	0.1000	0.2519	0.1729	0.1000	0.1147	0.1000
2100	0.1000	0.1000	0.1000	0.1000	0.1000	0.1000	0.1000	0.1000	0.1000	0.1000	0.1000	0.1000	0.1000	0.1000	0.1042	0.1000	0.2243	0.1000	0.1002	0.1095	0.1000
3500	0.1000	0.1000	0.1000	0.1000	0.1000	0.1000	0.1000	0.1000	0.1000	0.1000	0.1000	0.1000	0.1000	0.1000	0.1000	0.1303	0.2575	0.1095	0.1122	0.1000	0.1000
5900	0.1000	0.1000	0.1000	0.1000	0.1000	0.1000	0.1000	0.1000	0.1000	0.1000	0.1000	0.1001	0.1000	0.1000	0.1000	0.1000	0.1008	0.1000	0.1696	0.1000	0.1000
9800	0.1000	0.1000	0.1000	0.1000	0.1000	0.1000	0.1000	0.1000	0.1000	0.1000	0.1000	0.1000	0.1000	0.1000	0.1000	0.1000	0.1000	0.1064	0.1307	0.1000	0.1000
1.6e+04	0.1000	0.1000	0.1000	0.1000	0.1000	0.1000	0.1000	0.1000	0.1000	0.1000	0.1000	0.1000	0.1000	0.1000	0.1781	0.1000	0.1000	0.1031	0.1000	0.1000	0.1000
2.7e+04	0.1000	0.1000	0.1000	0.1000	0.1000	0.1000	0.1000	0.1000	0.1000	0.1000	0.1000	0.1000	0.1000	0.1000	0.1000	0.1000	0.1000	0.1000	0.1061	0.1000	0.1000
main_tta_val_acc_before_cooldown:
main_bias_lr	tta_val_acc_before_cooldown
1	0.8404
1.7	0.8430
2.8	0.8416
4.6	0.8372
7.7	0.8414
13	0.8451
21	0.8346
36	0.8322
60	0.8355
99	0.8261
170	0.8272
280	0.8275
460	0.7416
770	0.2603
1300	0.1764
2100	0.1108
3500	0.1527
5900	0.1000
9800	0.1147
1.6e+04	0.1005
2.7e+04	0.1000

interval=0 attr=head_lr
plot=interval0_head_lr_heatmap.png
selected_train_hparams=muon_lr=0.13 muon_momentum=0.6 bias_lr=60 head_lr=770
fixed_main_hparams=muon_lr=0.13 muon_momentum=0.6 bias_lr=60
shape=21x21
color_scale=vmin=0.888880 vmax=0.910720 extend=both
global_peak=main_head_lr=770 cooldown_head_lr=2.8 tta_val_acc=0.9128
peaks=
  main_head_lr=36 cooldown_head_lr=1.7 tta_val_acc=0.9011
  main_head_lr=770 cooldown_head_lr=2.8 tta_val_acc=0.9128
  main_head_lr=1300 cooldown_head_lr=13 tta_val_acc=0.9112
  main_head_lr=280 cooldown_head_lr=21 tta_val_acc=0.9101
  main_head_lr=770 cooldown_head_lr=21 tta_val_acc=0.9125
  main_head_lr=36 cooldown_head_lr=60 tta_val_acc=0.9050
  main_head_lr=280 cooldown_head_lr=60 tta_val_acc=0.9100
  main_head_lr=4.6 cooldown_head_lr=99 tta_val_acc=0.9019
  main_head_lr=13 cooldown_head_lr=99 tta_val_acc=0.9041
  main_head_lr=1.7 cooldown_head_lr=170 tta_val_acc=0.9031
  main_head_lr=280 cooldown_head_lr=170 tta_val_acc=0.9101
  main_head_lr=770 cooldown_head_lr=170 tta_val_acc=0.9127
  main_head_lr=13 cooldown_head_lr=460 tta_val_acc=0.9034
  main_head_lr=36 cooldown_head_lr=460 tta_val_acc=0.9054
  main_head_lr=770 cooldown_head_lr=460 tta_val_acc=0.9126
  main_head_lr=1300 cooldown_head_lr=770 tta_val_acc=0.9106
  main_head_lr=4.6 cooldown_head_lr=1300 tta_val_acc=0.8967
  main_head_lr=99 cooldown_head_lr=1300 tta_val_acc=0.9043
  main_head_lr=1.7 cooldown_head_lr=2100 tta_val_acc=0.8968
  main_head_lr=36 cooldown_head_lr=2100 tta_val_acc=0.9035
  main_head_lr=280 cooldown_head_lr=2100 tta_val_acc=0.9066
  main_head_lr=2100 cooldown_head_lr=9800 tta_val_acc=0.9077
matrix:
cooldown_head_lr\main_head_lr	1	1.7	2.8	4.6	7.7	13	21	36	60	99	170	280	460	770	1300	2100	3500	5900	9800	1.6e+04	2.7e+04
1	0.8869	0.8889	0.8884	0.8867	0.8917	0.8954	0.8956	0.8994	0.9026	0.9037	0.9074	0.9084	0.9095	0.9118	0.9107	0.9084	0.8956	0.8652	0.3671	0.1000	0.1000
1.7	0.8870	0.8889	0.8886	0.8869	0.8927	0.8950	0.8958	0.9011	0.9008	0.9050	0.9083	0.9089	0.9088	0.9117	0.9106	0.9083	0.8962	0.8655	0.3651	0.1000	0.1000
2.8	0.8881	0.8900	0.8881	0.8883	0.8934	0.8951	0.8969	0.9010	0.9023	0.9040	0.9069	0.9095	0.9093	0.9128	0.9095	0.9085	0.8953	0.8666	0.3649	0.1000	0.1000
4.6	0.8887	0.8910	0.8891	0.8893	0.8939	0.8962	0.8973	0.9005	0.9022	0.9034	0.9079	0.9095	0.9098	0.9120	0.9097	0.9075	0.8966	0.8669	0.3661	0.1000	0.1000
7.7	0.8921	0.8921	0.8904	0.8901	0.8943	0.8966	0.8973	0.9018	0.9022	0.9037	0.9071	0.9089	0.9098	0.9109	0.9087	0.9077	0.8969	0.8665	0.3657	0.1000	0.1000
13	0.8954	0.8951	0.8916	0.8911	0.8954	0.8984	0.8976	0.9014	0.9017	0.9034	0.9075	0.9093	0.9095	0.9109	0.9112	0.9079	0.8963	0.8669	0.3645	0.1000	0.1000
21	0.8966	0.8977	0.8946	0.8950	0.8975	0.9001	0.8983	0.9026	0.9020	0.9041	0.9081	0.9101	0.9096	0.9125	0.9103	0.9076	0.8971	0.8661	0.3625	0.1000	0.1000
36	0.8993	0.8999	0.8949	0.8966	0.8968	0.9020	0.8985	0.9030	0.9012	0.9036	0.9080	0.9082	0.9096	0.9118	0.9085	0.9081	0.8971	0.8666	0.3578	0.1000	0.1000
60	0.9016	0.9021	0.8966	0.8987	0.8993	0.9036	0.9001	0.9050	0.9024	0.9046	0.9082	0.9100	0.9089	0.9114	0.9102	0.9079	0.8968	0.8664	0.3564	0.1000	0.1000
99	0.9010	0.9024	0.8987	0.9019	0.8992	0.9041	0.9009	0.9035	0.9038	0.9055	0.9073	0.9092	0.9088	0.9125	0.9100	0.9067	0.8958	0.8675	0.3495	0.1000	0.1000
170	0.9005	0.9031	0.8986	0.9010	0.9002	0.9029	0.9020	0.9042	0.9035	0.9055	0.9087	0.9101	0.9097	0.9127	0.9113	0.9082	0.8956	0.8670	0.3413	0.1000	0.1000
280	0.9010	0.9029	0.8996	0.8996	0.8999	0.9030	0.9022	0.9053	0.9029	0.9066	0.9087	0.9092	0.9094	0.9122	0.9106	0.9069	0.8971	0.8654	0.3579	0.1000	0.1000
460	0.8984	0.9022	0.8995	0.8988	0.8981	0.9034	0.9016	0.9054	0.9028	0.9053	0.9087	0.9088	0.9084	0.9126	0.9105	0.9082	0.8968	0.8667	0.3575	0.1000	0.1000
770	0.8954	0.8961	0.8964	0.8958	0.8964	0.9008	0.8998	0.9033	0.9019	0.9036	0.9064	0.9086	0.9086	0.9101	0.9106	0.9072	0.8959	0.8681	0.3529	0.1000	0.1000
1300	0.8915	0.8931	0.8942	0.8967	0.8959	0.8998	0.8985	0.9025	0.9020	0.9043	0.9036	0.9055	0.9054	0.9084	0.9099	0.9083	0.8983	0.8679	0.3680	0.1000	0.1000
2100	0.8914	0.8968	0.8913	0.8942	0.8950	0.8961	0.8997	0.9035	0.9010	0.9036	0.9062	0.9066	0.9053	0.9090	0.9093	0.9084	0.8964	0.8696	0.3798	0.1000	0.1000
3500	0.8766	0.8870	0.8849	0.8859	0.8918	0.8930	0.8969	0.8908	0.8876	0.8956	0.8958	0.8954	0.8997	0.9083	0.9083	0.9066	0.8984	0.8694	0.3996	0.1000	0.1000
5900	0.8564	0.8498	0.8544	0.8591	0.8666	0.8670	0.8714	0.8487	0.8754	0.8844	0.8298	0.8647	0.8643	0.8938	0.9068	0.9056	0.8970	0.8684	0.2832	0.1000	0.1000
9800	0.6843	0.6306	0.4918	0.6292	0.7686	0.7458	0.7979	0.6551	0.7541	0.7469	0.7172	0.6933	0.8346	0.8705	0.8949	0.9077	0.8963	0.8652	0.1830	0.1000	0.1000
1.6e+04	0.1005	0.1000	0.1000	0.1034	0.1000	0.3130	0.6574	0.1731	0.2664	0.2246	0.1165	0.6057	0.5208	0.7978	0.8727	0.8982	0.8960	0.8673	0.1108	0.1000	0.1000
2.7e+04	0.1000	0.1000	0.1000	0.1000	0.1000	0.1000	0.1237	0.1000	0.1000	0.1000	0.1000	0.1000	0.1551	0.6244	0.8486	0.8680	0.8940	0.8640	0.2719	0.1000	0.1000
main_tta_val_acc_before_cooldown:
main_head_lr	tta_val_acc_before_cooldown
1	0.8188
1.7	0.8191
2.8	0.8156
4.6	0.8200
7.7	0.8305
13	0.8283
21	0.8301
36	0.8310
60	0.8358
99	0.8418
170	0.8351
280	0.8366
460	0.8462
770	0.8355
1300	0.8440
2100	0.8311
3500	0.8113
5900	0.6620
9800	0.2371
1.6e+04	0.1000
2.7e+04	0.1000

interval=1 attr=bias_lr
plot=interval1_bias_lr_heatmap.png
selected_train_hparams=muon_lr=0.078 muon_momentum=0.7 bias_lr=1.7 head_lr=460
fixed_main_hparams=muon_lr=0.078 muon_momentum=0.7 head_lr=460
shape=21x21
color_scale=vmin=0.891240 vmax=0.928600 extend=both
global_peak=main_bias_lr=1.7 cooldown_bias_lr=4.6 tta_val_acc=0.9290
peaks=
  main_bias_lr=13 cooldown_bias_lr=1.7 tta_val_acc=0.9278
  main_bias_lr=99 cooldown_bias_lr=1.7 tta_val_acc=0.9288
  main_bias_lr=1.7 cooldown_bias_lr=4.6 tta_val_acc=0.9290
  main_bias_lr=21 cooldown_bias_lr=4.6 tta_val_acc=0.9272
  main_bias_lr=13 cooldown_bias_lr=7.7 tta_val_acc=0.9273
  main_bias_lr=99 cooldown_bias_lr=13 tta_val_acc=0.9286
  main_bias_lr=13 cooldown_bias_lr=21 tta_val_acc=0.9274
  main_bias_lr=21 cooldown_bias_lr=36 tta_val_acc=0.9276
  main_bias_lr=60 cooldown_bias_lr=36 tta_val_acc=0.9271
  main_bias_lr=1.7 cooldown_bias_lr=60 tta_val_acc=0.9273
  main_bias_lr=4.6 cooldown_bias_lr=99 tta_val_acc=0.9257
  main_bias_lr=770 cooldown_bias_lr=1300 tta_val_acc=0.1846
matrix:
cooldown_bias_lr\main_bias_lr	1	1.7	2.8	4.6	7.7	13	21	36	60	99	170	280	460	770	1300	2100	3500	5900	9800	1.6e+04	2.7e+04
1	0.9261	0.9286	0.9273	0.9257	0.9264	0.9272	0.9267	0.9257	0.9270	0.9281	0.9250	0.9220	0.8835	0.1004	0.1000	0.1000	0.1000	0.1000	0.1000	0.1000	0.1000
1.7	0.9265	0.9284	0.9272	0.9255	0.9268	0.9278	0.9270	0.9256	0.9272	0.9288	0.9255	0.9217	0.8850	0.1388	0.1000	0.1000	0.1000	0.1000	0.1000	0.1000	0.1000
2.8	0.9265	0.9288	0.9272	0.9258	0.9262	0.9275	0.9270	0.9262	0.9277	0.9286	0.9260	0.9217	0.8862	0.1591	0.1000	0.1000	0.1000	0.1000	0.1000	0.1000	0.1000
4.6	0.9264	0.9290	0.9272	0.9256	0.9264	0.9266	0.9272	0.9263	0.9266	0.9286	0.9258	0.9212	0.8881	0.1486	0.1000	0.1000	0.1000	0.1000	0.1000	0.1000	0.1000
7.7	0.9259	0.9289	0.9274	0.9263	0.9271	0.9273	0.9271	0.9266	0.9268	0.9280	0.9260	0.9237	0.8898	0.1392	0.1000	0.1000	0.1000	0.1000	0.1000	0.1000	0.1000
13	0.9257	0.9287	0.9276	0.9264	0.9263	0.9270	0.9268	0.9261	0.9268	0.9286	0.9263	0.9234	0.8904	0.1894	0.1000	0.1000	0.1000	0.1000	0.1000	0.1000	0.1000
21	0.9259	0.9284	0.9275	0.9269	0.9260	0.9274	0.9263	0.9265	0.9260	0.9277	0.9265	0.9226	0.8923	0.1238	0.1000	0.1000	0.1000	0.1000	0.1000	0.1000	0.1000
36	0.9262	0.9269	0.9273	0.9259	0.9250	0.9265	0.9276	0.9267	0.9271	0.9264	0.9258	0.9228	0.8935	0.1003	0.1000	0.1000	0.1000	0.1000	0.1000	0.1000	0.1000
60	0.9271	0.9273	0.9257	0.9238	0.9252	0.9264	0.9275	0.9260	0.9268	0.9264	0.9252	0.9237	0.8938	0.1000	0.1000	0.1000	0.1000	0.1000	0.1000	0.1000	0.1000
99	0.9250	0.9251	0.9241	0.9257	0.9253	0.9240	0.9259	0.9246	0.9257	0.9262	0.9239	0.9232	0.8932	0.1833	0.1000	0.1000	0.1000	0.1000	0.1000	0.1000	0.1000
170	0.9219	0.9233	0.9224	0.9221	0.9230	0.9202	0.9217	0.9218	0.9231	0.9247	0.9224	0.9200	0.8916	0.1000	0.1000	0.1000	0.1000	0.1000	0.1000	0.1000	0.1000
280	0.7163	0.8857	0.9018	0.9107	0.9128	0.9089	0.9070	0.9114	0.9098	0.9158	0.9188	0.9144	0.8859	0.1909	0.1000	0.1000	0.1000	0.1000	0.1000	0.1000	0.1000
460	0.1736	0.1000	0.1000	0.1653	0.3463	0.1001	0.2800	0.1912	0.1929	0.2607	0.7752	0.7716	0.8476	0.1000	0.1000	0.1000	0.1000	0.1000	0.1000	0.1000	0.1000
770	0.1000	0.1000	0.1000	0.1000	0.1000	0.1000	0.1000	0.1000	0.1000	0.1000	0.1000	0.1000	0.1181	0.1000	0.1000	0.1000	0.1000	0.1000	0.1000	0.1000	0.1000
1300	0.1000	0.1000	0.1000	0.1000	0.1000	0.1000	0.1000	0.1000	0.1000	0.1000	0.1000	0.1000	0.1832	0.1846	0.1000	0.1000	0.1000	0.1000	0.1000	0.1000	0.1000
2100	0.1000	0.1000	0.1000	0.1000	0.1000	0.1000	0.1000	0.1000	0.1000	0.0469	0.1000	0.1000	0.1000	0.1000	0.1000	0.1000	0.1000	0.1000	0.1000	0.1000	0.1000
3500	0.1000	0.1000	0.1000	0.1000	0.1000	0.1000	0.1000	0.1000	0.1000	0.1000	0.1000	0.1000	0.1000	0.0942	0.1000	0.1000	0.1000	0.1000	0.1000	0.1000	0.1000
5900	0.1000	0.1000	0.1000	0.1000	0.1000	0.1000	0.1000	0.1000	0.1000	0.1000	0.1000	0.1000	0.1000	0.1000	0.1000	0.1000	0.1000	0.1000	0.1000	0.1000	0.1000
9800	0.1000	0.1000	0.1000	0.1000	0.1000	0.1000	0.1000	0.1000	0.1000	0.1000	0.1000	0.1000	0.1000	0.0999	0.1000	0.1000	0.1000	0.1000	0.1000	0.1000	0.1000
1.6e+04	0.1000	0.1000	0.1000	0.1000	0.1000	0.1000	0.1000	0.1000	0.1000	0.1000	0.1000	0.1000	0.1000	0.0989	0.1000	0.1000	0.1000	0.1000	0.1000	0.1000	0.1000
2.7e+04	0.1000	0.1000	0.1000	0.1000	0.1000	0.1000	0.1000	0.1000	0.1000	0.1000	0.1000	0.1000	0.1000	0.1000	0.1000	0.1000	0.1000	0.1000	0.1000	0.1000	0.1000
main_tta_val_acc_before_cooldown:
main_bias_lr	tta_val_acc_before_cooldown
1	0.8923
1.7	0.8924
2.8	0.8914
4.6	0.8946
7.7	0.8960
13	0.8952
21	0.8936
36	0.8933
60	0.8927
99	0.8785
170	0.8786
280	0.8693
460	0.6753
770	0.1754
1300	0.1000
2100	0.1000
3500	0.1000
5900	0.1000
9800	0.1000
1.6e+04	0.1000
2.7e+04	0.1000

interval=1 attr=head_lr
plot=interval1_head_lr_heatmap.png
selected_train_hparams=muon_lr=0.078 muon_momentum=0.7 bias_lr=1.7 head_lr=460
fixed_main_hparams=muon_lr=0.078 muon_momentum=0.7 bias_lr=1.7
shape=21x21
color_scale=vmin=0.892420 vmax=0.928180 extend=both
global_peak=main_head_lr=460 cooldown_head_lr=99 tta_val_acc=0.9290
peaks=
  main_head_lr=770 cooldown_head_lr=1.7 tta_val_acc=0.9289
  main_head_lr=13 cooldown_head_lr=2.8 tta_val_acc=0.9256
  main_head_lr=3500 cooldown_head_lr=2.8 tta_val_acc=0.9270
  main_head_lr=60 cooldown_head_lr=4.6 tta_val_acc=0.9268
  main_head_lr=7.7 cooldown_head_lr=7.7 tta_val_acc=0.9255
  main_head_lr=770 cooldown_head_lr=7.7 tta_val_acc=0.9289
  main_head_lr=60 cooldown_head_lr=21 tta_val_acc=0.9269
  main_head_lr=7.7 cooldown_head_lr=36 tta_val_acc=0.9258
  main_head_lr=3500 cooldown_head_lr=36 tta_val_acc=0.9276
  main_head_lr=7.7 cooldown_head_lr=99 tta_val_acc=0.9262
  main_head_lr=2.8 cooldown_head_lr=170 tta_val_acc=0.9271
  main_head_lr=21 cooldown_head_lr=280 tta_val_acc=0.9266
  main_head_lr=60 cooldown_head_lr=280 tta_val_acc=0.9268
  main_head_lr=3500 cooldown_head_lr=280 tta_val_acc=0.9278
  main_head_lr=21 cooldown_head_lr=770 tta_val_acc=0.9274
  main_head_lr=60 cooldown_head_lr=770 tta_val_acc=0.9264
  main_head_lr=280 cooldown_head_lr=770 tta_val_acc=0.9281
  main_head_lr=2100 cooldown_head_lr=770 tta_val_acc=0.9275
  main_head_lr=13 cooldown_head_lr=1300 tta_val_acc=0.9270
  main_head_lr=460 cooldown_head_lr=1300 tta_val_acc=0.9284
  main_head_lr=3500 cooldown_head_lr=1300 tta_val_acc=0.9280
  main_head_lr=2.8 cooldown_head_lr=2100 tta_val_acc=0.9280
  main_head_lr=21 cooldown_head_lr=2100 tta_val_acc=0.9265
  main_head_lr=60 cooldown_head_lr=2100 tta_val_acc=0.9267
  main_head_lr=2100 cooldown_head_lr=2100 tta_val_acc=0.9278
  main_head_lr=1.7 cooldown_head_lr=3500 tta_val_acc=0.9270
  main_head_lr=4.6 cooldown_head_lr=3500 tta_val_acc=0.9270
  main_head_lr=13 cooldown_head_lr=3500 tta_val_acc=0.9265
  main_head_lr=460 cooldown_head_lr=3500 tta_val_acc=0.9280
  main_head_lr=3500 cooldown_head_lr=5900 tta_val_acc=0.9266
  main_head_lr=5900 cooldown_head_lr=1.6e+04 tta_val_acc=0.9178
matrix:
cooldown_head_lr\main_head_lr	1	1.7	2.8	4.6	7.7	13	21	36	60	99	170	280	460	770	1300	2100	3500	5900	9800	1.6e+04	2.7e+04
1	0.9267	0.9253	0.9263	0.9252	0.9252	0.9258	0.9249	0.9250	0.9267	0.9249	0.9255	0.9272	0.9280	0.9284	0.9260	0.9272	0.9267	0.9174	0.9057	0.9036	0.8918
1.7	0.9267	0.9257	0.9259	0.9255	0.9252	0.9253	0.9253	0.9251	0.9267	0.9248	0.9258	0.9269	0.9282	0.9289	0.9258	0.9268	0.9268	0.9178	0.9061	0.9041	0.8919
2.8	0.9268	0.9256	0.9261	0.9253	0.9251	0.9256	0.9254	0.9250	0.9266	0.9251	0.9254	0.9273	0.9282	0.9284	0.9265	0.9268	0.9270	0.9172	0.9055	0.9038	0.8917
4.6	0.9268	0.9255	0.9263	0.9255	0.9254	0.9255	0.9254	0.9250	0.9268	0.9249	0.9260	0.9275	0.9281	0.9285	0.9262	0.9274	0.9262	0.9171	0.9056	0.9043	0.8916
7.7	0.9267	0.9260	0.9263	0.9253	0.9255	0.9249	0.9252	0.9248	0.9264	0.9251	0.9255	0.9270	0.9284	0.9289	0.9258	0.9274	0.9271	0.9167	0.9061	0.9046	0.8915
13	0.9266	0.9263	0.9261	0.9248	0.9253	0.9255	0.9255	0.9251	0.9259	0.9246	0.9261	0.9273	0.9280	0.9288	0.9267	0.9272	0.9264	0.9170	0.9057	0.9044	0.8919
21	0.9272	0.9259	0.9262	0.9258	0.9252	0.9254	0.9251	0.9255	0.9269	0.9249	0.9261	0.9276	0.9282	0.9287	0.9262	0.9270	0.9268	0.9167	0.9056	0.9036	0.8917
36	0.9265	0.9259	0.9267	0.9256	0.9258	0.9255	0.9255	0.9257	0.9264	0.9249	0.9263	0.9271	0.9278	0.9281	0.9263	0.9273	0.9276	0.9181	0.9058	0.9037	0.8916
60	0.9271	0.9257	0.9267	0.9252	0.9256	0.9250	0.9253	0.9252	0.9264	0.9253	0.9260	0.9271	0.9284	0.9286	0.9262	0.9268	0.9273	0.9176	0.9061	0.9046	0.8911
99	0.9269	0.9260	0.9263	0.9258	0.9262	0.9256	0.9259	0.9251	0.9260	0.9251	0.9261	0.9274	0.9290	0.9286	0.9261	0.9268	0.9270	0.9172	0.9053	0.9050	0.8923
170	0.9266	0.9256	0.9271	0.9257	0.9254	0.9251	0.9262	0.9247	0.9261	0.9256	0.9256	0.9278	0.9290	0.9284	0.9267	0.9268	0.9268	0.9175	0.9067	0.9046	0.8921
280	0.9274	0.9254	0.9269	0.9260	0.9260	0.9256	0.9266	0.9252	0.9268	0.9248	0.9255	0.9277	0.9289	0.9284	0.9258	0.9272	0.9278	0.9172	0.9052	0.9036	0.8922
460	0.9271	0.9262	0.9272	0.9261	0.9259	0.9254	0.9263	0.9254	0.9261	0.9251	0.9264	0.9276	0.9286	0.9284	0.9261	0.9272	0.9277	0.9173	0.9058	0.9045	0.8919
770	0.9262	0.9265	0.9275	0.9255	0.9256	0.9266	0.9274	0.9252	0.9264	0.9251	0.9252	0.9281	0.9277	0.9273	0.9267	0.9275	0.9272	0.9177	0.9060	0.9037	0.8913
1300	0.9259	0.9267	0.9279	0.9259	0.9251	0.9270	0.9262	0.9255	0.9261	0.9249	0.9257	0.9272	0.9284	0.9276	0.9268	0.9270	0.9280	0.9180	0.9056	0.9037	0.8911
2100	0.9265	0.9257	0.9280	0.9261	0.9243	0.9262	0.9265	0.9262	0.9267	0.9242	0.9257	0.9271	0.9278	0.9261	0.9264	0.9278	0.9276	0.9180	0.9061	0.9044	0.8914
3500	0.9257	0.9270	0.9267	0.9270	0.9240	0.9265	0.9264	0.9264	0.9264	0.9242	0.9256	0.9269	0.9280	0.9259	0.9261	0.9270	0.9265	0.9166	0.9063	0.9036	0.8920
5900	0.9224	0.9233	0.9233	0.9209	0.9218	0.9208	0.9238	0.9210	0.9201	0.9202	0.9241	0.9217	0.9241	0.9254	0.9219	0.9254	0.9266	0.9173	0.9062	0.9042	0.8921
9800	0.9138	0.9119	0.9130	0.9098	0.9136	0.9146	0.9128	0.9160	0.9127	0.9091	0.9151	0.9140	0.9114	0.9115	0.9122	0.9128	0.9208	0.9174	0.9069	0.9042	0.8925
1.6e+04	0.9002	0.9006	0.8992	0.8993	0.9015	0.9022	0.8966	0.8869	0.8951	0.8992	0.8833	0.8942	0.9017	0.9009	0.8922	0.9043	0.9135	0.9178	0.9060	0.9055	0.8924
2.7e+04	0.8567	0.8746	0.8721	0.8738	0.8699	0.8713	0.8704	0.8661	0.8666	0.8555	0.8571	0.7698	0.8733	0.8595	0.8727	0.8369	0.9042	0.9155	0.9053	0.9052	0.8930
main_tta_val_acc_before_cooldown:
main_head_lr	tta_val_acc_before_cooldown
1	0.8937
1.7	0.8926
2.8	0.8924
4.6	0.8947
7.7	0.8931
13	0.8942
21	0.8931
36	0.8907
60	0.8934
99	0.8921
170	0.8931
280	0.8955
460	0.8924
770	0.8933
1300	0.8906
2100	0.8961
3500	0.8899
5900	0.8808
9800	0.8557
1.6e+04	0.8582
2.7e+04	0.8315

interval=2 attr=bias_lr
plot=interval2_bias_lr_heatmap.png
selected_train_hparams=muon_lr=0.047 muon_momentum=0.7 bias_lr=2.8 head_lr=13
fixed_main_hparams=muon_lr=0.047 muon_momentum=0.7 head_lr=13
shape=21x21
color_scale=vmin=0.904110 vmax=0.934700 extend=both
global_peak=main_bias_lr=2.8 cooldown_bias_lr=1.7 tta_val_acc=0.9355
peaks=
  main_bias_lr=2.8 cooldown_bias_lr=1.7 tta_val_acc=0.9355
  main_bias_lr=21 cooldown_bias_lr=2.8 tta_val_acc=0.9349
  main_bias_lr=170 cooldown_bias_lr=2.8 tta_val_acc=0.9335
  main_bias_lr=2.8 cooldown_bias_lr=4.6 tta_val_acc=0.9351
  main_bias_lr=99 cooldown_bias_lr=4.6 tta_val_acc=0.9333
  main_bias_lr=21 cooldown_bias_lr=7.7 tta_val_acc=0.9347
  main_bias_lr=3500 cooldown_bias_lr=460 tta_val_acc=0.1226
  main_bias_lr=3500 cooldown_bias_lr=5900 tta_val_acc=0.1020
matrix:
cooldown_bias_lr\main_bias_lr	1	1.7	2.8	4.6	7.7	13	21	36	60	99	170	280	460	770	1300	2100	3500	5900	9800	1.6e+04	2.7e+04
1	0.9328	0.9331	0.9346	0.9344	0.9331	0.9327	0.9347	0.9338	0.9318	0.9328	0.9335	0.9253	0.5457	0.1000	0.1000	0.1000	0.1000	0.1000	0.1000	0.1000	0.1000
1.7	0.9321	0.9331	0.9355	0.9349	0.9334	0.9331	0.9346	0.9334	0.9318	0.9327	0.9331	0.9257	0.5507	0.1000	0.1000	0.1000	0.1000	0.1000	0.1000	0.1000	0.1000
2.8	0.9326	0.9336	0.9348	0.9347	0.9330	0.9327	0.9349	0.9330	0.9317	0.9323	0.9335	0.9259	0.5548	0.1000	0.1000	0.1000	0.1000	0.1000	0.1000	0.1000	0.1000
4.6	0.9328	0.9334	0.9351	0.9342	0.9331	0.9328	0.9345	0.9332	0.9319	0.9333	0.9331	0.9264	0.5588	0.1000	0.1000	0.1000	0.1000	0.1000	0.1000	0.1000	0.1000
7.7	0.9332	0.9326	0.9346	0.9346	0.9334	0.9327	0.9347	0.9327	0.9317	0.9332	0.9331	0.9266	0.5610	0.1000	0.1000	0.1000	0.1000	0.1000	0.1000	0.1000	0.1000
13	0.9341	0.9331	0.9347	0.9332	0.9331	0.9330	0.9340	0.9327	0.9311	0.9330	0.9327	0.9273	0.5638	0.1000	0.1000	0.1000	0.1000	0.1000	0.1000	0.1000	0.1000
21	0.9337	0.9327	0.9347	0.9330	0.9331	0.9322	0.9333	0.9320	0.9316	0.9329	0.9324	0.9271	0.5657	0.1000	0.1000	0.1000	0.1000	0.1000	0.1000	0.1000	0.1000
36	0.9316	0.9326	0.9338	0.9329	0.9325	0.9320	0.9318	0.9312	0.9312	0.9320	0.9318	0.9261	0.5742	0.1000	0.1000	0.1000	0.1000	0.1000	0.1000	0.1000	0.1000
60	0.9305	0.9323	0.9323	0.9308	0.9307	0.9311	0.9302	0.9306	0.9308	0.9310	0.9312	0.9254	0.5873	0.1000	0.1000	0.1000	0.1000	0.1000	0.1000	0.1000	0.1000
99	0.9297	0.9310	0.9319	0.9312	0.9296	0.9299	0.9299	0.9288	0.9277	0.9302	0.9278	0.9236	0.6196	0.1000	0.1000	0.1000	0.1000	0.1000	0.1000	0.1000	0.1000
170	0.9280	0.9300	0.9292	0.9299	0.9297	0.9278	0.9280	0.9288	0.9248	0.9250	0.9271	0.9215	0.6514	0.1000	0.1000	0.1000	0.1000	0.1000	0.1000	0.1000	0.1000
280	0.8964	0.8897	0.8403	0.8726	0.8875	0.8811	0.9040	0.9062	0.8856	0.8816	0.9039	0.9143	0.6739	0.1000	0.1000	0.1000	0.1000	0.1000	0.1000	0.1000	0.1000
460	0.1128	0.2613	0.1820	0.1780	0.2647	0.3539	0.2086	0.1842	0.1971	0.1000	0.2539	0.8060	0.6599	0.1000	0.1000	0.1000	0.1226	0.1000	0.1000	0.1000	0.1000
770	0.1000	0.1000	0.1000	0.1000	0.1000	0.1397	0.1000	0.1000	0.1000	0.1000	0.1000	0.6211	0.4157	0.1000	0.1000	0.1000	0.1000	0.1000	0.1000	0.1000	0.1000
1300	0.1000	0.1000	0.1000	0.1000	0.1000	0.1000	0.1000	0.1000	0.1000	0.1000	0.1000	0.1000	0.2306	0.1000	0.1000	0.1000	0.1000	0.1000	0.1000	0.1000	0.1000
2100	0.1000	0.1000	0.1000	0.1000	0.1000	0.1000	0.1000	0.1000	0.1000	0.1000	0.1000	0.1000	0.1659	0.1000	0.1000	0.1000	0.1000	0.1000	0.1000	0.1000	0.1000
3500	0.1000	0.1000	0.1000	0.1000	0.1000	0.1000	0.1000	0.1000	0.1000	0.1000	0.1000	0.1000	0.1000	0.1000	0.1000	0.1000	0.1000	0.1000	0.1000	0.1000	0.1000
5900	0.1000	0.1000	0.1000	0.1000	0.1000	0.1000	0.1000	0.1000	0.1000	0.1000	0.1000	0.1000	0.1000	0.1000	0.1000	0.1000	0.1020	0.1000	0.1000	0.1000	0.1000
9800	0.1000	0.1000	0.1000	0.1000	0.1000	0.1000	0.1000	0.1000	0.1000	0.1000	0.1000	0.1000	0.1000	0.1000	0.1000	0.1000	0.1000	0.1000	0.1000	0.1000	0.1000
1.6e+04	0.1000	0.1000	0.1000	0.1000	0.1000	0.1000	0.1000	0.1000	0.1000	0.1000	0.1000	0.1000	0.1000	0.1000	0.1000	0.1000	0.1000	0.1000	0.1000	0.1000	0.1000
2.7e+04	0.1000	0.1000	0.1000	0.1000	0.1000	0.1000	0.1000	0.1000	0.1000	0.1000	0.1000	0.1000	0.1000	0.1000	0.1000	0.1000	0.1000	0.1000	0.1000	0.1000	0.1000
main_tta_val_acc_before_cooldown:
main_bias_lr	tta_val_acc_before_cooldown
1	0.9158
1.7	0.9165
2.8	0.9173
4.6	0.9173
7.7	0.9168
13	0.9180
21	0.9175
36	0.9157
60	0.9173
99	0.9152
170	0.9126
280	0.8905
460	0.4236
770	0.1000
1300	0.1000
2100	0.1000
3500	0.1000
5900	0.1000
9800	0.1000
1.6e+04	0.1000
2.7e+04	0.1000

interval=2 attr=head_lr
plot=interval2_head_lr_heatmap.png
selected_train_hparams=muon_lr=0.047 muon_momentum=0.7 bias_lr=2.8 head_lr=13
fixed_main_hparams=muon_lr=0.047 muon_momentum=0.7 bias_lr=2.8
shape=21x21
color_scale=vmin=0.905100 vmax=0.934600 extend=both
global_peak=main_head_lr=13 cooldown_head_lr=13 tta_val_acc=0.9355
peaks=
  main_head_lr=1.7 cooldown_head_lr=1.7 tta_val_acc=0.9346
  main_head_lr=7.7 cooldown_head_lr=1.7 tta_val_acc=0.9350
  main_head_lr=3500 cooldown_head_lr=1.7 tta_val_acc=0.9338
  main_head_lr=2.8 cooldown_head_lr=2.8 tta_val_acc=0.9344
  main_head_lr=280 cooldown_head_lr=2.8 tta_val_acc=0.9342
  main_head_lr=460 cooldown_head_lr=4.6 tta_val_acc=0.9341
  main_head_lr=2.8 cooldown_head_lr=7.7 tta_val_acc=0.9347
  main_head_lr=770 cooldown_head_lr=7.7 tta_val_acc=0.9340
  main_head_lr=3500 cooldown_head_lr=7.7 tta_val_acc=0.9335
  main_head_lr=13 cooldown_head_lr=13 tta_val_acc=0.9355
  main_head_lr=460 cooldown_head_lr=13 tta_val_acc=0.9341
  main_head_lr=60 cooldown_head_lr=21 tta_val_acc=0.9348
  main_head_lr=3500 cooldown_head_lr=21 tta_val_acc=0.9335
  main_head_lr=2.8 cooldown_head_lr=36 tta_val_acc=0.9345
  main_head_lr=3500 cooldown_head_lr=60 tta_val_acc=0.9334
  main_head_lr=13 cooldown_head_lr=99 tta_val_acc=0.9353
  main_head_lr=60 cooldown_head_lr=99 tta_val_acc=0.9346
  main_head_lr=460 cooldown_head_lr=99 tta_val_acc=0.9350
  main_head_lr=1.7 cooldown_head_lr=280 tta_val_acc=0.9338
  main_head_lr=60 cooldown_head_lr=280 tta_val_acc=0.9348
  main_head_lr=7.7 cooldown_head_lr=460 tta_val_acc=0.9347
  main_head_lr=3500 cooldown_head_lr=770 tta_val_acc=0.9335
  main_head_lr=1.7 cooldown_head_lr=1300 tta_val_acc=0.9336
  main_head_lr=60 cooldown_head_lr=1300 tta_val_acc=0.9349
  main_head_lr=460 cooldown_head_lr=1300 tta_val_acc=0.9349
  main_head_lr=13 cooldown_head_lr=2100 tta_val_acc=0.9343
  main_head_lr=3500 cooldown_head_lr=2100 tta_val_acc=0.9337
  main_head_lr=1300 cooldown_head_lr=3500 tta_val_acc=0.9335
  main_head_lr=3500 cooldown_head_lr=5900 tta_val_acc=0.9337
  main_head_lr=5900 cooldown_head_lr=9800 tta_val_acc=0.9300
matrix:
cooldown_head_lr\main_head_lr	1	1.7	2.8	4.6	7.7	13	21	36	60	99	170	280	460	770	1300	2100	3500	5900	9800	1.6e+04	2.7e+04
1	0.9335	0.9344	0.9342	0.9329	0.9340	0.9349	0.9337	0.9336	0.9341	0.9338	0.9327	0.9337	0.9344	0.9335	0.9326	0.9321	0.9335	0.9296	0.9233	0.9177	0.9077
1.7	0.9328	0.9346	0.9341	0.9324	0.9350	0.9342	0.9338	0.9336	0.9341	0.9335	0.9326	0.9340	0.9338	0.9335	0.9328	0.9319	0.9338	0.9294	0.9237	0.9181	0.9073
2.8	0.9335	0.9338	0.9344	0.9321	0.9347	0.9346	0.9338	0.9338	0.9341	0.9337	0.9328	0.9342	0.9340	0.9336	0.9327	0.9318	0.9335	0.9296	0.9231	0.9179	0.9071
4.6	0.9330	0.9342	0.9342	0.9326	0.9347	0.9346	0.9336	0.9335	0.9339	0.9335	0.9324	0.9339	0.9341	0.9334	0.9325	0.9323	0.9329	0.9295	0.9241	0.9178	0.9076
7.7	0.9334	0.9342	0.9347	0.9327	0.9346	0.9351	0.9338	0.9338	0.9342	0.9336	0.9324	0.9338	0.9339	0.9340	0.9326	0.9321	0.9335	0.9294	0.9233	0.9182	0.9071
13	0.9334	0.9342	0.9340	0.9322	0.9348	0.9355	0.9335	0.9334	0.9342	0.9335	0.9325	0.9339	0.9341	0.9336	0.9326	0.9319	0.9334	0.9295	0.9230	0.9178	0.9068
21	0.9338	0.9339	0.9344	0.9327	0.9344	0.9352	0.9342	0.9336	0.9348	0.9334	0.9323	0.9337	0.9340	0.9338	0.9326	0.9322	0.9335	0.9292	0.9233	0.9188	0.9065
36	0.9334	0.9336	0.9345	0.9328	0.9346	0.9346	0.9336	0.9337	0.9345	0.9345	0.9328	0.9341	0.9343	0.9334	0.9323	0.9324	0.9326	0.9289	0.9235	0.9183	0.9081
60	0.9336	0.9341	0.9344	0.9330	0.9346	0.9346	0.9341	0.9335	0.9338	0.9342	0.9328	0.9342	0.9348	0.9332	0.9323	0.9323	0.9334	0.9285	0.9238	0.9184	0.9076
99	0.9332	0.9339	0.9341	0.9325	0.9347	0.9353	0.9334	0.9335	0.9346	0.9333	0.9319	0.9340	0.9350	0.9335	0.9331	0.9315	0.9333	0.9292	0.9231	0.9177	0.9081
170	0.9332	0.9335	0.9338	0.9327	0.9350	0.9350	0.9332	0.9333	0.9344	0.9325	0.9325	0.9339	0.9340	0.9335	0.9330	0.9316	0.9331	0.9293	0.9234	0.9184	0.9075
280	0.9326	0.9338	0.9337	0.9324	0.9343	0.9347	0.9333	0.9337	0.9348	0.9328	0.9329	0.9341	0.9341	0.9329	0.9320	0.9314	0.9333	0.9295	0.9229	0.9183	0.9079
460	0.9329	0.9335	0.9335	0.9327	0.9347	0.9344	0.9330	0.9338	0.9340	0.9336	0.9328	0.9335	0.9342	0.9329	0.9317	0.9312	0.9333	0.9298	0.9231	0.9180	0.9082
770	0.9328	0.9334	0.9332	0.9325	0.9346	0.9340	0.9327	0.9331	0.9340	0.9333	0.9327	0.9344	0.9342	0.9334	0.9318	0.9316	0.9335	0.9299	0.9237	0.9176	0.9070
1300	0.9332	0.9336	0.9333	0.9339	0.9343	0.9333	0.9331	0.9335	0.9349	0.9334	0.9329	0.9344	0.9349	0.9332	0.9331	0.9306	0.9333	0.9301	0.9233	0.9184	0.9079
2100	0.9327	0.9335	0.9329	0.9334	0.9341	0.9343	0.9331	0.9337	0.9337	0.9329	0.9326	0.9341	0.9333	0.9332	0.9325	0.9317	0.9337	0.9293	0.9230	0.9184	0.9066
3500	0.9330	0.9327	0.9324	0.9329	0.9323	0.9338	0.9332	0.9327	0.9334	0.9326	0.9321	0.9336	0.9332	0.9327	0.9335	0.9320	0.9335	0.9294	0.9228	0.9182	0.9071
5900	0.9273	0.9278	0.9290	0.9280	0.9312	0.9282	0.9287	0.9273	0.9304	0.9293	0.9300	0.9294	0.9276	0.9269	0.9259	0.9297	0.9337	0.9296	0.9220	0.9177	0.9064
9800	0.9187	0.9185	0.9182	0.9203	0.9175	0.9210	0.9169	0.9178	0.9205	0.9204	0.9220	0.9210	0.9181	0.9166	0.9188	0.9148	0.9235	0.9300	0.9231	0.9180	0.9073
1.6e+04	0.9067	0.9074	0.9056	0.9102	0.9056	0.9126	0.9011	0.9051	0.9109	0.9101	0.9103	0.9087	0.9006	0.8980	0.9001	0.9017	0.9074	0.9284	0.9228	0.9190	0.9070
2.7e+04	0.8926	0.8945	0.8961	0.8837	0.8922	0.8876	0.8943	0.8927	0.8950	0.8999	0.8965	0.8890	0.8924	0.8890	0.8885	0.8959	0.8994	0.9232	0.9221	0.9190	0.9069
main_tta_val_acc_before_cooldown:
main_head_lr	tta_val_acc_before_cooldown
1	0.9150
1.7	0.9170
2.8	0.9175
4.6	0.9160
7.7	0.9181
13	0.9173
21	0.9168
36	0.9169
60	0.9174
99	0.9166
170	0.9162
280	0.9175
460	0.9170
770	0.9173
1300	0.9179
2100	0.9163
3500	0.9127
5900	0.9137
9800	0.9027
1.6e+04	0.8962
2.7e+04	0.8723

interval=3 attr=bias_lr
plot=interval3_bias_lr_heatmap.png
selected_train_hparams=muon_lr=0.047 muon_momentum=0.7 bias_lr=99 head_lr=460
fixed_main_hparams=muon_lr=0.047 muon_momentum=0.7 head_lr=460
shape=21x21
color_scale=vmin=0.921030 vmax=0.939175 extend=both
global_peak=main_bias_lr=99 cooldown_bias_lr=13 tta_val_acc=0.9402
peaks=
  main_bias_lr=1.7 cooldown_bias_lr=2.8 tta_val_acc=0.9389
  main_bias_lr=99 cooldown_bias_lr=2.8 tta_val_acc=0.9399
  main_bias_lr=36 cooldown_bias_lr=7.7 tta_val_acc=0.9381
  main_bias_lr=1.7 cooldown_bias_lr=13 tta_val_acc=0.9389
  main_bias_lr=7.7 cooldown_bias_lr=13 tta_val_acc=0.9385
  main_bias_lr=99 cooldown_bias_lr=13 tta_val_acc=0.9402
  main_bias_lr=36 cooldown_bias_lr=21 tta_val_acc=0.9386
  main_bias_lr=170 cooldown_bias_lr=99 tta_val_acc=0.9371
  main_bias_lr=770 cooldown_bias_lr=1300 tta_val_acc=0.1545
  main_bias_lr=460 cooldown_bias_lr=1.6e+04 tta_val_acc=0.1060
matrix:
cooldown_bias_lr\main_bias_lr	1	1.7	2.8	4.6	7.7	13	21	36	60	99	170	280	460	770	1300	2100	3500	5900	9800	1.6e+04	2.7e+04
1	0.9377	0.9385	0.9378	0.9378	0.9378	0.9352	0.9377	0.9382	0.9379	0.9396	0.9386	0.9202	0.1770	0.1000	0.1000	0.1000	0.1000	0.1000	0.1000	0.1000	0.1000
1.7	0.9377	0.9387	0.9378	0.9373	0.9375	0.9352	0.9377	0.9381	0.9374	0.9396	0.9388	0.9203	0.1784	0.1000	0.1000	0.1000	0.1000	0.1000	0.1000	0.1000	0.1000
2.8	0.9376	0.9389	0.9381	0.9376	0.9374	0.9352	0.9377	0.9380	0.9375	0.9399	0.9388	0.9206	0.1814	0.1000	0.1000	0.1000	0.1000	0.1000	0.1000	0.1000	0.1000
4.6	0.9375	0.9388	0.9378	0.9377	0.9373	0.9349	0.9378	0.9378	0.9375	0.9395	0.9390	0.9220	0.1855	0.1000	0.1000	0.1000	0.1000	0.1000	0.1000	0.1000	0.1000
7.7	0.9381	0.9385	0.9378	0.9378	0.9381	0.9353	0.9376	0.9381	0.9378	0.9396	0.9387	0.9211	0.1908	0.1000	0.1000	0.1000	0.1000	0.1000	0.1000	0.1000	0.1000
13	0.9383	0.9389	0.9375	0.9375	0.9385	0.9361	0.9379	0.9378	0.9378	0.9402	0.9383	0.9212	0.1931	0.1000	0.1000	0.1000	0.1000	0.1000	0.1000	0.1000	0.1000
21	0.9379	0.9381	0.9375	0.9375	0.9375	0.9362	0.9380	0.9386	0.9375	0.9395	0.9366	0.9217	0.1000	0.1000	0.1000	0.1000	0.1000	0.1000	0.1000	0.1000	0.1000
36	0.9378	0.9371	0.9367	0.9371	0.9372	0.9349	0.9376	0.9379	0.9375	0.9386	0.9373	0.9212	0.1615	0.1000	0.1000	0.1000	0.1000	0.1000	0.1000	0.1000	0.1000
60	0.9377	0.9355	0.9360	0.9370	0.9359	0.9353	0.9356	0.9358	0.9369	0.9375	0.9363	0.9209	0.1092	0.1000	0.1000	0.1000	0.1000	0.1000	0.1000	0.1000	0.1000
99	0.9352	0.9354	0.9349	0.9359	0.9349	0.9343	0.9340	0.9355	0.9363	0.9356	0.9371	0.9193	0.1958	0.1000	0.1000	0.1000	0.1000	0.1000	0.1000	0.1000	0.1000
170	0.9341	0.9343	0.9316	0.9336	0.9327	0.9333	0.9331	0.9334	0.9353	0.9350	0.9355	0.9172	0.1000	0.1000	0.1000	0.1000	0.1000	0.1000	0.1000	0.1000	0.1000
280	0.7066	0.6295	0.6940	0.6487	0.6392	0.7948	0.8249	0.6731	0.8415	0.7504	0.9270	0.9014	0.1000	0.1000	0.1000	0.1000	0.1000	0.1000	0.1000	0.1000	0.1000
460	0.1431	0.1000	0.1010	0.1000	0.2872	0.0922	0.1842	0.1586	0.0969	0.1000	0.3973	0.4603	0.1000	0.1000	0.1000	0.1000	0.1000	0.1000	0.1000	0.1000	0.1000
770	0.1000	0.1000	0.1000	0.1000	0.1000	0.1000	0.1000	0.1000	0.1000	0.1000	0.1000	0.1000	0.0998	0.1146	0.1000	0.1000	0.1000	0.1000	0.1000	0.1000	0.1000
1300	0.1000	0.1000	0.1000	0.1000	0.1000	0.1000	0.1000	0.1000	0.1000	0.1000	0.1000	0.1000	0.0996	0.1545	0.1000	0.1000	0.1000	0.1000	0.1000	0.1000	0.1000
2100	0.1000	0.1000	0.1000	0.1000	0.1000	0.1000	0.1000	0.1000	0.1000	0.1000	0.1000	0.1000	0.0965	0.1378	0.1000	0.1000	0.1000	0.1000	0.1000	0.1000	0.1000
3500	0.1000	0.1000	0.1000	0.1000	0.1000	0.1000	0.1000	0.1000	0.1000	0.1000	0.1000	0.1000	0.1000	0.1198	0.1000	0.1000	0.1000	0.1000	0.1000	0.1000	0.1000
5900	0.1000	0.1000	0.1000	0.1000	0.1000	0.1000	0.1000	0.1000	0.1000	0.1000	0.1000	0.1000	0.1000	0.1000	0.1000	0.1000	0.1000	0.1000	0.1000	0.1000	0.1000
9800	0.1000	0.1000	0.1000	0.1000	0.1000	0.1000	0.1000	0.1000	0.1000	0.1000	0.1000	0.1000	0.1000	0.1000	0.1000	0.1000	0.1000	0.1000	0.1000	0.1000	0.1000
1.6e+04	0.1000	0.1000	0.1000	0.1000	0.1000	0.1000	0.1000	0.1000	0.1000	0.1000	0.1000	0.1000	0.1060	0.1000	0.1000	0.1000	0.1000	0.1000	0.1000	0.1000	0.1000
2.7e+04	0.1000	0.1000	0.1000	0.1000	0.1000	0.1000	0.1000	0.1000	0.1000	0.1000	0.1000	0.1000	0.1000	0.1000	0.1000	0.1000	0.1000	0.1000	0.1000	0.1000	0.1000
main_tta_val_acc_before_cooldown:
main_bias_lr	tta_val_acc_before_cooldown
1	0.9208
1.7	0.9200
2.8	0.9218
4.6	0.9219
7.7	0.9202
13	0.9215
21	0.9200
36	0.9212
60	0.9213
99	0.9226
170	0.9138
280	0.8533
460	0.0986
770	0.1000
1300	0.1000
2100	0.1000
3500	0.1000
5900	0.1000
9800	0.1000
1.6e+04	0.1000
2.7e+04	0.1000

interval=3 attr=head_lr
plot=interval3_head_lr_heatmap.png
selected_train_hparams=muon_lr=0.047 muon_momentum=0.7 bias_lr=99 head_lr=460
fixed_main_hparams=muon_lr=0.047 muon_momentum=0.7 bias_lr=99
shape=21x21
color_scale=vmin=0.924900 vmax=0.939600 extend=both
global_peak=main_head_lr=460 cooldown_head_lr=170 tta_val_acc=0.9402
peaks=
  main_head_lr=2100 cooldown_head_lr=1.7 tta_val_acc=0.9388
  main_head_lr=36 cooldown_head_lr=4.6 tta_val_acc=0.9377
  main_head_lr=460 cooldown_head_lr=4.6 tta_val_acc=0.9399
  main_head_lr=2100 cooldown_head_lr=4.6 tta_val_acc=0.9390
  main_head_lr=99 cooldown_head_lr=7.7 tta_val_acc=0.9397
  main_head_lr=13 cooldown_head_lr=13 tta_val_acc=0.9384
  main_head_lr=36 cooldown_head_lr=13 tta_val_acc=0.9379
  main_head_lr=2100 cooldown_head_lr=13 tta_val_acc=0.9390
  main_head_lr=460 cooldown_head_lr=21 tta_val_acc=0.9399
  main_head_lr=13 cooldown_head_lr=60 tta_val_acc=0.9387
  main_head_lr=460 cooldown_head_lr=60 tta_val_acc=0.9400
  main_head_lr=99 cooldown_head_lr=99 tta_val_acc=0.9396
  main_head_lr=2100 cooldown_head_lr=99 tta_val_acc=0.9387
  main_head_lr=460 cooldown_head_lr=170 tta_val_acc=0.9402
  main_head_lr=4.6 cooldown_head_lr=280 tta_val_acc=0.9383
  main_head_lr=36 cooldown_head_lr=280 tta_val_acc=0.9383
  main_head_lr=2100 cooldown_head_lr=280 tta_val_acc=0.9388
  main_head_lr=13 cooldown_head_lr=460 tta_val_acc=0.9395
  main_head_lr=1.7 cooldown_head_lr=770 tta_val_acc=0.9392
  main_head_lr=99 cooldown_head_lr=1300 tta_val_acc=0.9396
  main_head_lr=460 cooldown_head_lr=1300 tta_val_acc=0.9398
  main_head_lr=2100 cooldown_head_lr=1300 tta_val_acc=0.9386
  main_head_lr=13 cooldown_head_lr=2100 tta_val_acc=0.9389
  main_head_lr=4.6 cooldown_head_lr=3500 tta_val_acc=0.9375
  main_head_lr=99 cooldown_head_lr=3500 tta_val_acc=0.9387
  main_head_lr=2100 cooldown_head_lr=3500 tta_val_acc=0.9388
  main_head_lr=1.7 cooldown_head_lr=9800 tta_val_acc=0.9291
matrix:
cooldown_head_lr\main_head_lr	1	1.7	2.8	4.6	7.7	13	21	36	60	99	170	280	460	770	1300	2100	3500	5900	9800	1.6e+04	2.7e+04
1	0.9384	0.9380	0.9377	0.9384	0.9383	0.9388	0.9371	0.9378	0.9369	0.9393	0.9380	0.9384	0.9400	0.9390	0.9390	0.9387	0.9371	0.9245	0.6219	0.1576	0.1001
1.7	0.9383	0.9380	0.9373	0.9386	0.9380	0.9386	0.9373	0.9374	0.9366	0.9394	0.9381	0.9387	0.9397	0.9390	0.9387	0.9388	0.9374	0.9250	0.6219	0.1590	0.1001
2.8	0.9382	0.9382	0.9375	0.9386	0.9379	0.9385	0.9373	0.9375	0.9371	0.9395	0.9382	0.9388	0.9393	0.9389	0.9388	0.9386	0.9367	0.9247	0.6220	0.1573	0.1001
4.6	0.9383	0.9379	0.9373	0.9386	0.9383	0.9384	0.9373	0.9377	0.9368	0.9396	0.9380	0.9390	0.9399	0.9390	0.9387	0.9390	0.9373	0.9247	0.6220	0.1587	0.0629
7.7	0.9384	0.9379	0.9374	0.9386	0.9381	0.9383	0.9373	0.9375	0.9368	0.9397	0.9382	0.9388	0.9398	0.9389	0.9389	0.9388	0.9367	0.9247	0.6217	0.1588	0.1052
13	0.9382	0.9383	0.9373	0.9382	0.9379	0.9384	0.9372	0.9379	0.9369	0.9396	0.9379	0.9387	0.9397	0.9389	0.9388	0.9390	0.9371	0.9249	0.6223	0.1583	0.1057
21	0.9382	0.9383	0.9373	0.9386	0.9378	0.9381	0.9371	0.9373	0.9369	0.9394	0.9380	0.9390	0.9399	0.9392	0.9387	0.9386	0.9368	0.9249	0.6222	0.1582	0.0774
36	0.9383	0.9380	0.9374	0.9386	0.9380	0.9384	0.9371	0.9377	0.9367	0.9391	0.9380	0.9390	0.9398	0.9391	0.9391	0.9385	0.9372	0.9248	0.6227	0.1574	0.1081
60	0.9386	0.9382	0.9377	0.9380	0.9380	0.9387	0.9372	0.9377	0.9365	0.9392	0.9380	0.9390	0.9400	0.9391	0.9386	0.9386	0.9368	0.9251	0.6233	0.1578	0.0676
99	0.9386	0.9383	0.9373	0.9382	0.9381	0.9385	0.9371	0.9377	0.9370	0.9396	0.9381	0.9387	0.9398	0.9392	0.9386	0.9387	0.9370	0.9254	0.6235	0.1573	0.0861
170	0.9390	0.9385	0.9376	0.9382	0.9380	0.9389	0.9373	0.9380	0.9368	0.9392	0.9381	0.9389	0.9402	0.9395	0.9387	0.9386	0.9369	0.9255	0.6246	0.1573	0.0982
280	0.9385	0.9384	0.9379	0.9383	0.9377	0.9389	0.9373	0.9383	0.9372	0.9391	0.9383	0.9392	0.9396	0.9394	0.9386	0.9388	0.9369	0.9260	0.6257	0.1576	0.0749
460	0.9391	0.9391	0.9378	0.9380	0.9377	0.9395	0.9370	0.9380	0.9371	0.9390	0.9379	0.9390	0.9396	0.9397	0.9389	0.9385	0.9369	0.9258	0.6268	0.1567	0.0591
770	0.9391	0.9392	0.9375	0.9378	0.9379	0.9392	0.9372	0.9379	0.9368	0.9391	0.9379	0.9394	0.9393	0.9397	0.9382	0.9384	0.9365	0.9258	0.6268	0.1567	0.1000
1300	0.9388	0.9383	0.9373	0.9376	0.9376	0.9386	0.9374	0.9375	0.9366	0.9396	0.9373	0.9394	0.9398	0.9391	0.9381	0.9386	0.9366	0.9266	0.6248	0.1550	0.0937
2100	0.9391	0.9384	0.9368	0.9374	0.9370	0.9389	0.9374	0.9372	0.9369	0.9385	0.9380	0.9393	0.9395	0.9394	0.9378	0.9377	0.9368	0.9268	0.6215	0.1530	0.0609
3500	0.9371	0.9377	0.9365	0.9375	0.9371	0.9362	0.9371	0.9372	0.9364	0.9387	0.9379	0.9382	0.9391	0.9388	0.9380	0.9388	0.9367	0.9261	0.6653	0.1440	0.0806
5900	0.9298	0.9280	0.9290	0.9312	0.9298	0.9289	0.9298	0.9286	0.9312	0.9299	0.9308	0.9327	0.9336	0.9353	0.9369	0.9386	0.9375	0.9262	0.7236	0.1256	0.0999
9800	0.9275	0.9291	0.9249	0.9256	0.9294	0.9258	0.9223	0.9254	0.9268	0.9261	0.9228	0.9214	0.9262	0.9249	0.9324	0.9376	0.9374	0.9265	0.7104	0.1864	0.0927
1.6e+04	0.8883	0.7307	0.8591	0.7487	0.7612	0.7887	0.8367	0.8827	0.8219	0.8890	0.8885	0.8932	0.8983	0.9080	0.9267	0.9333	0.9364	0.9266	0.7472	0.1937	0.0703
2.7e+04	0.7025	0.6203	0.3594	0.4051	0.7330	0.5937	0.5874	0.5869	0.4167	0.6393	0.5115	0.5541	0.7324	0.7407	0.8928	0.9261	0.9307	0.9259	0.7784	0.1951	0.1000
main_tta_val_acc_before_cooldown:
main_head_lr	tta_val_acc_before_cooldown
1	0.9205
1.7	0.9219
2.8	0.9228
4.6	0.9236
7.7	0.9213
13	0.9208
21	0.9219
36	0.9207
60	0.9216
99	0.9214
170	0.9212
280	0.9225
460	0.9226
770	0.9204
1300	0.9226
2100	0.9191
3500	0.9198
5900	0.7997
9800	0.4397
1.6e+04	0.1353
2.7e+04	0.1000
